TIMESTAMP,BUS10_VA_ANG,BUS10_VA_MAG,BUS10_VB_ANG,BUS10_VB_MAG,BUS10_VC_ANG,BUS10_VC_MAG,BUS10_IA_ANG,BUS10_IA_MAG,BUS10_IB_ANG,BUS10_IB_MAG,BUS10_IC_ANG,BUS10_IC_MAG,BUS10_Freq,BUS10_ROCOF,DATA_PRESENT,Event
0.0,47.65001747270645,202357.4340221833,3.194723655124485,203300.02100395688,57.04364444390037,201749.1125371339,88.78728657860765,613.6831386907667,85.88480244139791,618.0543342392601,-51.73339506895421,614.5194770960208,60.00082282657333,0.0035621145611013567,1,0
0.0333333333,-174.91152019953904,203409.72768059545,21.616834937308226,203978.0114458166,-39.83056845109394,201479.96973968006,59.43594874683185,614.9561570721578,65.46717583221044,616.7111044980635,-5.502456605011043,615.1358109379074,59.9999089998411,0.001718683884059653,1,0
0.0666666667,43.630837016085444,201861.81531029555,61.53334417103888,203855.54690485465,257.30668751462713,203562.54391585066,83.71330967052705,621.3852989580361,116.53382814771254,619.505683914395,-82.07307955473311,620.7463311707776,60.00026218154641,0.002425364528818358,1,0
0.1,-88.24654365373156,203521.28750844926,-16.21231364366638,200998.06456686603,-126.6270382951952,202282.8469009722,10.07701089657131,614.8972540131039,53.68079824996012,613.8375121464173,-50.92848338997163,614.9690046292438,59.99646603587112,-0.00426705144178139,1,0
0.1333333333,137.60113729121613,202865.30588429683,117.91098080122464,202660.64732908024,45.81965671485873,201875.14602599206,141.47707541581525,613.1084120434542,-41.68203847488801,618.7943295103336,-16.354641955330322,615.1052874031848,59.99886503514925,0.002894644477075694,1,0
0.1666666667,101.81269807411681,203376.40669142266,5.98337412478001,201655.05114803134,45.50262223651598,202014.96154401414,37.001484890414936,619.5972283440452,35.799310013032844,615.3281055139688,-99.45333373714303,613.5929320214963,59.997980431257005,-0.0008022828111717818,1,0
0.2,-187.33513585172827,201167.54895214806,11.881394451677423,203729.402018696,-30.207509879846395,203166.60773228502,-97.712344185841,619.7108027861655,-36.357014160561036,619.230019866084,-123.56885476970668,617.0714284475034,59.998390096223986,0.005831519562948418,1,0
0.2333333333,-20.816391844639405,201470.403773936,-53.880954879398686,202276.35684209038,-101.01018751273176,202710.7893531477,64.49895607552614,617.4702222180722,39.99728260557715,612.706599485102,52.968184316930156,620.648354348635,59.999184520469974,7.907573161984061e-05,1,0
0.2666666667,-19.24004218227977,203992.7412058198,-104.46875732016588,202534.7094147893,-66.22642568857313,205804.1391309773,-33.91988351196038,621.039144288895,-7.760398845626878,618.805536612843,18.485437061232354,616.1207140351718,60.00030757019172,0.00195103018563806,1,0
0.3,59.7012531861773,202465.6745222701,85.58782177801604,203219.22395811102,-0.16696036688705873,202212.4982476304,-285.3524960475785,619.6881656093282,-46.981954520459595,613.2926108683888,17.585841232001176,612.0465124119471,60.00119922225522,0.0036410721862639057,1,0
0.3333333333,137.26841439064972,203224.6569263632,25.081708372698703,203427.838769843,120.98464070492474,203703.52700110027,25.7592294741468,621.8787075922579,-110.85894648333303,614.8005326320008,-128.58296279163568,613.7529890791452,59.99809259650575,-0.003241528321393828,1,0
0.3666666667,-130.60578059824786,202696.5980948941,-7.822965877491493,201896.27729263288,39.76431299003987,202163.81244619747,-128.76473012971422,620.8453340113002,40.28255006491715,619.6694920243933,88.80476707073359,616.9125931222756,59.99782099480515,-0.002498358320592031,1,0
0.4,-43.48915852094346,202932.01659609415,-47.63350894753105,204049.7452609313,-57.52070598856117,202676.56098191737,-10.717412069857462,617.4398900315014,139.56901878261058,611.183403206999,48.42154693713647,617.6770450781212,59.99796695652736,-0.0008130060530237579,1,0
0.4333333333,-59.65147982098412,203741.24073470873,95.53824379179781,203162.37735956802,293.3416385943977,203012.43931000118,-240.82717627030888,614.8239340177211,-13.524202560860788,613.3562905337072,79.13651068941522,617.5693707857952,59.99736125325336,0.0028456211993495286,1,0
0.4666666667,-119.95125394460386,203096.0667937428,-206.2255423350963,202606.07568438398,16.124637822349676,203152.64437503,248.4803340593999,618.8176694765082,-247.2548730911073,618.6730028760817,-195.30860863673732,614.118198705058,60.000195223051456,-0.00973728278880127,1,0
0.5,12.762809920713003,203371.99140324054,-191.827051608751,202649.32947881156,30.06787405721291,202268.07851119593,99.43416677444567,623.5581677907942,38.76302656964043,619.6626727288466,58.72222900800212,617.5652709407016,59.99582020125492,-0.0001302480266646729,1,0
0.5333333333,6.47251093668384,201910.734982353,-20.754667249258976,203645.34041131233,-45.9375515166523,201435.4339086306,204.76012494870457,615.2364493518229,-64.16433324188186,618.9790543114522,126.83635067907161,612.3701504093798,59.999770154003144,0.0037079606845455597,1,0
0.5666666667,-46.601360945286494,200691.09978313794,-80.38443100544066,202180.95739579227,85.50203342214964,203997.8979402927,-109.1598371158272,618.2456906204511,63.18668681473342,613.5629092495419,-285.0392227569264,613.1509536644049,60.000488356509294,-0.0020968074337250494,1,0
0.6,158.40108647240982,202052.70535051837,15.845870631848234,201636.94187456596,43.8108103282302,203195.00530680883,103.70622085577621,616.3525627356091,5.573890267658609,616.3821154456954,5.323614583744083,618.7816673136833,59.995680675502186,0.00791329154605856,1,0
0.6333333333,-213.41759673658413,202408.89976010055,-136.04088359179713,202110.89800506918,83.21989316079417,203588.95654566155,-60.37894495312695,612.5170785623495,104.28799313787997,617.1356158260417,78.11424540010108,614.2648470825787,59.99817883839157,0.0005678724559679088,1,0
0.6666666667,78.13961699411728,202094.7670712296,105.09863437111306,201954.6326737448,-15.808817050710713,201491.4625558555,-126.9206673079111,617.6002101521091,-184.43488886312667,613.8773564703115,39.18046225822497,613.192345084496,60.0015810042142,-0.002178182121487887,1,0
0.7,-178.09145542729448,200371.96488373462,-60.495887293075505,201047.3577744329,-23.551615425146608,202316.14652952124,42.69781408835768,618.1502180750953,46.75605113528257,621.7355384974579,-149.7325334170115,615.8500003303781,60.00315336101797,-0.011097306187013005,1,0
0.7333333333,50.4785319050251,202941.9440183627,-153.840513224011,202908.23362802275,14.640482658708022,203223.6023752571,79.4580819688384,620.0812387279565,-16.623456851009475,617.127757988688,-96.2845812780523,613.7147490587776,59.99958043302592,-8.889092644608849e-05,1,0
0.7666666667,16.96145251833458,203128.65904663526,243.51893030849124,203136.51952313515,69.72626866964787,200156.9227634481,20.9623748902793,615.5093416019957,-11.39235451114096,617.0808685543051,12.333165550609067,618.8278540413378,59.99904078810507,0.003559734168539867,1,0
0.8,143.5248948059703,200502.79175214464,55.30710292323989,202709.37644581348,11.027343486115203,203433.8178835663,-27.456339996552916,613.0178121871335,-114.44483081768318,609.3998696504975,-30.858865826819088,611.968221899642,59.99843467448736,0.0011378138274602235,1,0
0.8333333333,-32.66291494823928,203447.43655321034,-164.8107412716509,203041.5354485358,-34.214645419301604,203918.89742109834,-28.40814597967747,618.7313121105768,13.12880055938996,620.9848544626366,200.4338463335702,615.1145325098101,60.00113674980183,0.0009880637588342695,1,0
0.8666666667,-67.26710158323304,202227.27533058514,-86.96186100044198,203098.24117125102,1.1076727924967658,203332.69992055767,-99.96252918676855,618.5240571323429,-79.34975633216881,618.801468221885,1.9768916177436555,611.4670002524728,60.00179177632763,-0.0025089857057611128,1,0
0.9,-26.936775411552006,202190.16340079156,-46.835269300006765,201523.44305921235,234.535760205729,202726.64147456575,23.768012812821137,616.9417569675173,-142.43270105052952,619.4490793129718,-209.39153817117872,611.3881283141031,59.997491195434016,-0.007663050056169275,1,0
0.9333333333,53.328612751162225,201105.58604207743,48.06204844752068,201318.05155948753,10.13495761480546,203742.83830080327,-44.42994357228635,619.8743872114094,-50.01882037454953,618.8875973522778,-188.84945887061787,611.0523085482137,59.998547426505795,-0.0024378376435919952,1,0
0.9666666667,-16.16744198864773,201767.5141397725,84.16625355619627,203580.1463473275,-26.99487665712282,202829.35619329338,-28.57034936913653,616.7760016652245,-186.72688901464502,614.5967062890969,31.255208433583785,620.8139814055342,60.000213279806864,0.0011121345424230389,1,0
1.0,-146.41657296953,203493.2909566884,76.04146605769549,201878.35453882557,158.65812960011175,201993.92373454772,-56.750286658688836,618.1628859323956,-22.915845338720185,614.2493819020203,-180.33459174348715,618.305079715303,59.99945942389197,-0.0008647849684508549,1,0
1.0333333333,3.3522331847215465,202117.73559739464,95.38561294006416,201894.5822726913,82.40485176936899,201345.56958465048,5.64548273268187,614.6980451620011,-65.88173178421407,620.743562599023,209.27625757742751,616.8146104340797,60.00431228609865,0.04084878126741028,1,2
1.0666666667,149.06512996187172,203045.88952415562,125.34905763532714,203631.85217696227,47.43885841201602,202945.77787254783,57.81346721378493,615.4601017689082,76.5116985369812,616.7993914528628,9.50631504362585,615.464102354478,60.00349839990232,0.03926871028827293,1,2
1.1,-103.78357540670218,201775.73806298047,79.71244968578276,201919.11803284328,-160.37506005315421,201445.44406862906,39.2505744589729,617.6111194080721,-13.252412476921617,619.1110579956703,-53.30286940137663,615.7585671013269,60.00734864624976,0.04385403247208577,1,2
1.1333333333,-79.07343080305589,201350.33408528648,-109.02026444949021,202807.89799371056,122.95289813847457,202387.1141369684,36.68822233338848,616.9061078141045,-157.97211976051452,615.6974647734767,59.07563401252347,613.2664517130629,60.00647182882236,0.03758476692463629,1,2
1.1666666667,22.7871576504659,203136.24192242717,3.159066288852639,202923.67094599467,-83.73288793586697,201931.16586144594,88.86227250808918,619.3713060219474,158.47047439278134,613.5768073654147,30.400672015001028,618.246736383007,60.00704033185142,0.03046996458741008,1,2
1.2,50.715861069058846,202966.20641861454,-24.68276252126887,202391.97617987808,-46.069203764134706,202987.08868566641,-46.67655972855525,616.1451582068989,16.432488804367605,614.5147813033966,-56.14767697170557,615.7533238983189,60.00870851739119,0.04568071578298132,1,2
1.2333333333,166.14358220975274,203889.2558364618,-25.571656670944616,203424.9399222183,-147.15444505624566,201430.81357782436,-9.56218449238134,617.5440855866377,15.462474600655458,620.6615041783149,-74.78026705894827,617.2765922801134,60.00803557532692,0.043244107294631226,1,2
1.2666666667,8.165702588819109,201669.75410626648,-3.119554511508408,202320.28985251475,-83.36384071935773,202659.13799310158,-31.100214687782586,619.2219606797763,117.59044801711096,617.1458555038815,-26.037515917242906,622.2925341095709,60.008842793235374,0.03271370817859942,1,2
1.3,-42.98437183454203,202299.51966815843,84.42524032283953,201634.28511347694,-82.37776222291119,203418.4397139735,-32.89370044462282,621.4551647219115,87.19224039021441,621.1731848583652,-68.76316605337233,613.0645155675688,60.008711549851725,0.029175625789187403,1,2
1.3333333333,96.76753789191697,201324.3957187336,19.19318311812518,201440.00552919868,-13.586534837434245,202852.0470024037,-5.683063175287243,611.5168360534491,216.38192581989867,614.8586520985408,70.10425018590473,623.1883165537306,60.014140205230284,0.030119449861620694,1,2
1.3666666667,85.43533287313173,202471.7680556109,-107.22532290582572,202867.1407810473,74.84586120755391,202586.75444227416,154.44938673490083,614.9690967085392,-109.35337097312029,617.4093761323629,-82.56567999831692,616.650500514002,60.01514036238416,0.022615825471807585,1,2
1.4,-51.062364517540296,203212.91526216018,-3.0557932755191413,203110.52994579918,-145.9430507929019,203638.23433360978,-202.03967616842942,612.2104929094601,149.41891017295274,618.8564445217644,-264.95770373192,616.7032242524815,60.015115026914074,0.03303055437993949,1,2
1.4333333333,-54.28554430149753,203650.97998566434,-16.691984280780105,201310.55212754363,-29.53645078154554,200479.5716573221,30.144295012667538,614.3317863670957,21.985979299777444,615.7126148317158,113.13429004294757,621.4386327396367,60.011207783135674,0.029704773993193545,1,2
1.4666666667,-7.374316349291636,203532.3644456596,-34.43668055633362,202890.30923592526,-35.72886042731906,202099.70308371284,-52.895603929199986,619.394108760507,-69.9686084213914,615.4312672869273,-149.04420027915305,610.4766363821041,60.015165563055106,0.028355560315878773,1,2
1.5,31.70102940528401,202239.41284969408,-8.09902253709603,203648.04968160996,-43.415764307450395,201480.5006127331,20.992607883688525,617.7231562353712,-3.7869240661878933,615.2794591191708,20.47164089842837,618.8719753035815,60.019713904790336,0.032221629481555804,1,2
1.5333333333,65.38313491786178,203179.94687004227,-66.36214313787201,202360.61987860355,-39.528460864150084,202532.4440934585,19.6313358122782,613.0343590582075,6.97750495253591,620.0995266275464,-47.50322104556066,614.7407431108106,60.01818845246327,0.02770289349660192,1,2
1.5666666667,-67.67907026385632,201414.52604525906,78.87121873984213,203743.15660744967,-101.10082675584006,202911.2751695628,-15.00566399746258,610.2859465917035,-5.102721444737166,616.7968285584052,-20.440348373090554,613.7385731599172,60.01437869141326,0.01863377371737839,1,2
1.6,38.031960206717216,202363.2540862506,-86.5257362436246,203351.15384586685,-12.939206935300465,200565.08420073474,-118.69315160828309,617.2865964608949,-60.10316818810502,620.0923494833123,-43.37630772751158,614.7398634369672,60.019337183011096,0.01612601185518276,1,2
1.6333333333,34.446494784778686,202521.999989701,121.79876467671394,203245.85427897895,-140.6888883104444,202700.49675251858,17.84052205613174,622.4698324254607,-75.6668704712216,615.8404220484421,-34.93890249840972,620.1827038879843,60.02292684484752,0.021642432611018714,1,2
1.6666666667,-101.91273799438783,200660.53908234095,-28.839902043767946,201898.01205880955,118.334702402926,203073.60842556896,-248.07516257440713,619.7104158771383,69.20724494324332,619.0387293825028,97.62712780632967,612.5467086987076,60.02349633403916,0.023387003132834264,1,2
1.7,-68.69351887961727,202143.7966166915,-61.925596475008376,202995.8335843063,-248.02567027537782,204357.53056921734,73.62661201227905,620.5044492191322,-14.981224246412848,618.8319669881056,93.33604521027122,614.4957171909642,60.02157479826656,0.019249812430758715,1,2
1.7333333333,61.52516183781369,203700.93696971677,20.479236858784557,203553.1468870871,75.3141436068548,203111.01944111587,2.2272488691966204,613.8680282384105,-60.12083476438333,620.0885075101329,-9.660501473017412,615.8345214923619,60.018572737651894,0.026799466794828596,1,2
1.7666666667,-240.3830601584134,203212.7502117308,-116.54586773961177,201567.852417896,-34.29236900794982,201690.0615769307,43.49389377476391,614.7207252787865,116.37408720411356,613.7652891013382,-45.65099892963834,616.4530936789796,60.019059984929875,0.01739590935261403,1,2
1.8,26.789153192097437,202442.6436577516,-180.6331027968044,201685.02273838624,73.27377025697562,202875.85694523057,86.76516139560785,622.282390314582,-47.58892202105584,614.2794820346611,123.82247971858641,618.4977850423012,60.02212028230718,0.024498796938287264,1,2
1.8333333333,-95.66424586118468,202382.62317295012,46.7422535589933,202517.88683577336,65.11639182737397,201612.06835325086,-15.617726030722885,622.957725068348,-142.80438372562915,614.5393963517423,84.4864352061166,612.9485691850308,60.02203951452231,0.02029567200796021,1,2
1.8666666667,-45.10434303612634,203384.66904682663,60.46083444103308,203158.88824570508,-2.833446271136,201944.20892948177,-106.48268594154987,611.5593778188819,8.431222576677433,613.6671205888744,-99.22703156716672,610.9993990425833,60.02019267199103,0.019755725863674016,1,2
1.9,-256.5189963136855,200773.11473155284,88.7743907652486,201423.2767251909,-115.61398881481679,201557.77325378353,51.93318996317854,618.5891556447046,68.89600755366047,620.4241297897561,40.09482700801702,618.7827792043113,60.02748993949816,0.014345938731238378,1,2
1.9333333333,-187.52369656050888,202484.17257444255,-7.732091982898405,201970.6032703966,79.8645129942993,204692.4032070953,-63.61809724985235,615.4054606962596,173.10528852420387,620.7247497734609,34.41711632062478,618.7092431349628,60.02577167392168,0.008125469515930557,1,2
1.9666666667,-56.177493081794466,202865.83573261992,-145.9974143755309,200429.2289502553,-82.11584393531761,202222.32038398742,-56.831967199507865,611.1216719723276,-57.70847954072446,608.6831147232043,-78.53212709497326,614.7329727331673,60.023945180317114,0.011899225302456184,1,2
2.0,113.58247072052713,202803.60559618028,186.5399462657182,201568.6949412021,-94.05655563102519,202002.34918582416,87.05881674513601,614.106228464204,-61.05811413036917,617.5696997529958,160.47774272384112,622.9069427488229,60.02674452442812,0.010860225018280314,1,2
2.0333333333,149.3606403994868,201832.04292547793,67.48733524906962,201719.6007719296,-40.03267543238411,203302.025164067,-88.26860278600219,616.6369709518214,-85.26246656439712,618.181042193566,36.24790149403796,617.0754949414555,60.02547745727485,0.01932055195317889,1,2
2.0666666667,-52.18173306255484,202876.86973817946,-131.56066447129263,200897.04312046975,35.47786683153144,201891.61645357928,25.82144276081281,617.842043031843,-103.99801983599959,618.0399669176585,-130.1218910527663,613.7253146048263,60.02759834862442,0.010847635631104564,1,2
2.1,140.4165046978535,202252.39074154373,-2.4600404915839365,203874.2199328538,-34.78423850265546,201892.99403067507,-4.42312102934104,619.4676519399504,89.55596878088974,615.6153777572794,126.92757548581174,617.641799771644,60.02673610649336,0.004876381662418043,1,2
2.1333333333,180.57063304241703,203621.83027244586,84.52524055998114,202738.6705468022,2.507681581349953,201592.48715368283,40.068105439578304,621.6986659165063,-258.1973347250307,617.7861560923707,-55.82247642917515,611.505225441843,60.03050699407671,0.016137541646739553,1,2
2.1666666667,-113.5886899332467,201608.39360390577,24.479492665395007,200838.63994696602,51.8899797968224,203252.69747599802,14.346968702628622,616.3955452141571,-253.90884783299205,614.7255293245399,-55.989603614125016,614.3268927081862,60.03191194371498,0.008035864320377303,1,2
2.2,85.97578013090727,200593.30036363096,34.987956718323474,203215.82457462035,105.9483390430742,202596.24531113022,77.85902482439606,617.5118045258889,-80.71742665835338,617.0926372127827,13.183451965348027,615.8644198177507,60.02400644930398,0.009952058960942471,1,2
2.2333333333,-90.79113403867947,203291.19355137198,-141.70913686337792,201366.9309780764,90.49404842914406,201013.2620677717,-82.76365325079442,615.964376744155,96.40990382831863,613.2656948453908,-72.09420408989378,616.6635672641637,60.029019566393686,0.010535449700946147,1,2
2.2666666667,50.619833718240365,203348.01262128225,-75.24923908734362,202233.13315994915,-102.48985602339668,201284.72389477937,-23.449734511532345,620.6616565550871,68.65514162201606,618.5188671394689,27.04184889576829,621.5781721376503,60.02631463974572,0.014576444640907009,1,2
2.3,-76.61085662507723,203470.40428410482,208.62541058825812,202197.71873669868,-72.22429782733806,202898.1998888543,162.44620265537475,619.3105107681813,-137.5993502060829,618.235855195275,4.841083355040572,610.1415214326377,60.03009981301427,0.008043390625523549,1,2
2.3333333333,-36.97323107497987,202532.63910912455,109.11383692177176,200769.88654813202,-151.26529591453348,201455.3980270743,-23.026693287391584,617.3437354484854,-108.15522446480773,618.4088022765562,105.78465253529198,619.0767518041084,60.031248098158024,0.005446884563690775,1,2
2.3666666667,58.18505840750648,203188.0190974915,-149.84426555036083,204173.82641821107,187.49246494447294,201536.0829779204,-38.930306215893786,616.572085949783,83.29036178018211,610.1221808070819,-130.81590080386087,617.0264674775185,60.0306077930232,-0.002058884663098866,1,2
2.4,-211.75241018573664,203228.43124677698,137.62092680646498,202318.12374524464,98.82879483030588,203019.6873810561,6.477332253488546,614.4001411931837,10.351459682557971,619.2816928401885,-51.53101525471564,619.4861783281114,60.03011525946868,0.007075102010499943,1,2
2.4333333333,-262.75738440793776,202286.09250745567,25.61212999711775,200578.5906360781,120.4023466410644,202437.72288284582,-23.056003286904826,616.1032623689902,-126.68009542396297,620.5055557849681,223.45074548707686,615.9979059421885,60.02949913690293,0.0025119818750841422,1,2
2.4666666667,60.67209603991354,203055.75298838833,-42.67364925726033,202278.78482994548,-40.72370386095529,201691.7087071296,12.49307054623473,615.73069858257,-17.75674121071361,614.3684610767939,-33.8787573166728,617.8495780946773,60.02898640229683,0.005247461221186295,1,2
2.5,-101.80132225506654,203311.31644587926,-81.90202947759974,203209.3963759287,-88.31669309661407,201455.58173396808,-77.28823154646027,617.2421383707976,-146.79816427786199,610.0344614413639,-75.41256255308227,618.122608491825,60.03221973490899,-0.0017320611359381254,1,2
2.5333333333,148.94807593602494,202562.7939779188,-65.57455373867228,201873.6033818074,-88.01670082719751,202396.76271898288,-21.428578006803228,615.6746692434375,-38.40149475155009,616.0717464625632,-284.8927048365585,617.4779010579193,60.02795267238306,0.007379260671638657,1,2
2.5666666667,-167.9312612801304,203129.9707393844,-114.29762914095917,202609.01615922133,-163.74058093033665,202705.369810515,-173.39250198120777,616.2460780875797,-50.315543639265925,616.1091542506725,-109.31917411156839,611.7825945963472,60.030792139238066,0.006572797250907072,1,2
2.6,54.59839882108865,201362.66411076984,52.669886501139274,203230.15659010506,-111.07227454586004,202028.47196426848,-36.05894189963802,613.3421511352105,23.72419691236014,616.4594704178104,-57.691565461700904,615.9516692287896,60.03160185004433,0.0030864203944079563,1,2
2.6333333333,21.630107592261847,202622.98842707512,-22.33552017157141,204091.09531135025,48.363767258800124,202814.56872087694,28.793787838913634,613.0392513475647,-51.960055378390166,617.6328497184775,-58.93660882535522,616.7054002099055,60.030945438357485,0.005122069217119697,1,2
2.6666666667,-36.65195125420209,203078.21945181504,-57.68375488845686,202262.03013590956,102.16778016958925,202101.0901772648,-70.4308234042305,617.7472358884773,-170.57485873253827,611.9982618424862,-19.200620677780638,618.2990068695547,60.0335138947587,0.005153404681904969,1,2
2.7,-89.87876043335908,202586.53365100818,-117.52611109376662,203193.47250327244,-26.04579833607413,201588.7064546677,13.587137647205719,617.943267182434,124.28113691524227,618.4172276666719,-108.86634435995036,616.8276306285909,60.03094605723875,0.01170962200970297,1,2
2.7333333333,-57.72014060949662,202824.12285448593,-74.75372891645122,202964.21134697055,-121.93797911232069,204442.8497882431,-18.90954946803258,618.6959436338967,96.26347657513654,619.4576783602787,148.92150928473666,617.1307898524428,60.03421163609598,0.006291078373207783,1,2
2.7666666667,-66.72103284671861,203006.74265779526,77.58195394769552,204239.97632946048,-154.50429431766864,201615.51506940942,79.40521772806319,613.5608079373593,-92.72067792159825,621.6064424500355,-49.323881312238505,614.7015342353139,60.032369864738655,0.010682996830250625,1,2
2.8,-175.98981130488062,202857.39333501912,44.885195472599996,203104.04742087203,23.77280664188616,202460.86104202684,90.05034419203955,612.1949037660902,-5.4899094095305445,618.865424798711,16.55185803863106,615.8422866935965,60.03245217638126,0.009575051161345039,1,2
2.8333333333,217.00554669167173,201736.64067078778,-11.481205565296207,202302.21814869563,-78.02083197330607,203238.30623007528,155.00754831551544,622.2839340298426,-49.48345270380568,615.5095177122572,-50.88963615353847,618.9083903101528,60.03287721326744,-0.002038117347093911,1,2
2.8666666667,31.45201871845799,200317.97559814865,14.37717809413081,201626.7545349705,-2.3773604917858426,201933.87205145173,-37.978223762648526,613.0364450555062,-19.95227116814939,615.4934599123116,-149.1454372200665,610.6476154027607,60.03065191692748,0.007951668435294722,1,2
2.9,-133.89145656818158,201815.4316763063,-96.95374856499055,201694.80944950713,65.0030496399326,202432.18841686207,229.07515790888004,616.6085548951345,-114.5352105659543,614.871622786046,-60.0350315502531,620.1766495971581,60.03269134496149,0.006902530702483053,1,2
2.9333333333,-39.12714427616054,204283.3306275016,-65.35564608943915,202887.29421635906,31.773622772322387,202697.69269105833,24.714724075943806,612.0617581857986,131.80373040940674,617.0469167098295,-130.23798891777295,620.5281353572913,60.033378479397356,0.0038948712279024402,1,2
2.9666666667,-66.80960421801625,203721.16070572354,-76.11818481950942,202475.18959651957,-122.44811006077668,202592.17495187468,-97.30491172849658,614.5080288010404,-231.0415822778612,617.4989520766833,-35.615634581844866,620.8243625258906,60.03229149524907,0.008567684627897004,1,2
3.0,4.3086197385631415,202134.69784776765,-17.492346234037274,201780.9460735324,-100.32863017363943,202091.19307770574,120.36763870159403,622.0307835701809,2.4035977017168006,614.2144570140837,107.90754291278088,617.1182661935142,60.031970065283666,0.005001747539248117,1,2
3.0333333333,-59.45735286312677,201088.9879951215,-174.74853122066796,202171.57117831704,-55.06744994147011,202070.47312615986,-88.52409053083558,615.0469634026024,223.21710044882346,615.0909712687422,5.648811371912729,621.4814453536643,60.03465152519071,0.006856191441299366,1,2
3.0666666667,36.69494784575993,202155.39783292316,67.62802926090338,202646.4320124216,93.26364672878435,203899.7978326967,34.370218754595015,619.0202838508635,-27.123520902606362,615.5378700630977,105.87826834061633,617.0143220798061,60.03485421320894,0.006136020950610076,1,2
3.1,-18.249864347391178,200995.98474321835,221.79750949904266,202332.60513904467,-25.063907188262302,202996.97877506245,77.25832054745436,620.8087053556293,61.683114809507245,616.9001303719274,43.35124745476379,617.6947670885396,60.03288706121703,0.006754038118459634,1,2
3.1333333333,188.25192264352583,202642.10313660355,71.08785970461548,202298.13211997674,-43.312337262562245,201202.07407768347,-124.1305334052611,617.3393034703923,-54.0898429193565,619.4087404455386,85.0904140162676,610.1672824283562,60.0344909637086,-0.00011802989931556122,1,2
3.1666666667,35.0793442670634,201290.10089633346,9.560500288488397,202331.99231427672,-259.338466996619,202914.60251045262,-94.73929850919008,620.820142580502,98.11074808412552,622.5037550346508,-9.51680133158812,615.8776267304156,60.037410677602296,0.006339404975332469,1,2
3.2,146.04429803940005,203158.36201006206,-110.85259216200316,202679.36067708922,-71.48995810013665,202441.27568527768,68.65824247070807,616.3493871506457,151.70387895932888,617.280914607088,-12.66550993882079,616.3665471592167,60.035705093276675,0.00761287825628874,1,2
3.2333333333,61.272697338544,203360.90878930513,-85.01065930951819,203357.44588915436,53.153320943237595,202040.4324764553,-190.57383661793878,614.8372985707925,70.44240019799544,615.9275697420805,64.21156322644548,620.876497246337,60.03152006204175,0.0020997178489763047,1,2
3.2666666667,64.05708487813402,203437.53473016337,-62.83551207416032,201818.90015184533,-32.67324993315006,203169.67494168368,-51.1760887228866,620.9874508794823,-11.609432946830555,617.1071935428341,-100.18160991161255,619.4549272523182,60.03331941921662,0.0030675074929898643,1,2
3.3,104.26555129239054,203217.26416531636,-23.85223935346033,202382.66958846143,-24.0861888431571,204155.68929130165,-34.35304557379666,616.652048931768,30.112452390409807,617.8803094463111,-28.793885120514602,615.4282402750865,60.033219750779075,0.0010459736607791978,1,2
3.3333333333,7.92978544596409,201792.5201529457,164.69354476265812,203114.20955947967,-20.192624610143557,201953.39324495473,179.74833045129202,612.9756240653334,23.801779459402045,620.3566402147632,-86.31463238797191,617.5835426643831,60.031145949335446,-0.0016251718982072888,1,2
3.3666666667,-22.836853418214798,203319.14141956897,-0.0009400767538182142,201212.1432926916,104.78333685011597,202279.22114944324,-106.81605928838705,621.602026217186,68.44067065487961,617.2388960152819,-86.22137901033696,616.173398619304,60.03124185127451,0.006936579533566493,1,2
3.4,-106.43922875583236,204279.24183279008,-146.018843413166,202485.36585647112,-47.18487194202868,200968.97353765773,27.020771419759107,619.721626896017,68.9868229925853,615.4545649885738,26.52174822316456,613.1342963548614,60.034412869381825,0.003307023946664161,1,2
3.4333333333,56.51274492108864,202722.59058183248,55.47474123407842,201851.0990967691,46.98333011538829,201936.92607992166,-55.15271731201766,614.9378075968779,-34.551151086694794,615.1694633702482,-62.455973167466716,613.853579409374,60.032472507000286,0.009531690862184848,1,2
3.4666666667,-65.6637957914922,201876.87440561032,-7.1077206390463115,202146.95007613438,119.49221108997044,200771.762011896,57.4481206069328,615.7967969439234,9.935783100438087,613.8132045997381,39.99666377068203,615.5401705385952,60.033281757767476,0.0009657601667272917,1,2
3.5,-10.071628506431477,203220.16393121262,2.4542507443389474,202421.03137074874,20.7610390815471,202959.8336844837,-19.56738917836877,620.363733626748,-8.294628016379786,616.6270594676181,5.091952500883059,615.3707960188307,60.03413242280962,0.00774166723253589,1,2
3.5333333333,67.56859679558079,202664.0351110782,-27.221020815452228,201013.72657158846,-32.16310514746472,203716.53407763227,-148.71407109244146,614.7624521538106,-63.98745159491452,617.4776667169155,-63.822350522079056,616.8219716879709,60.036076000293356,0.002294614581146052,1,2
3.5666666667,-92.36705792627443,203606.2892756621,-214.14617927619167,202831.82669002734,-197.93507810768946,202835.8388396341,-84.86487950468289,616.951951338629,-53.37702794331692,614.7466333065042,-121.70433491280326,613.1819740793858,60.0332141499555,0.008299285556063102,1,2
3.6,23.76305800994589,203741.12329287652,-67.74436190575446,203034.93682391572,-159.44580015646602,203270.4476151035,146.92601642846986,617.6239202199183,123.96917198110438,610.9692986000348,-31.38642365477227,613.8280119538124,60.03483566367271,0.0032215067145878063,1,2
3.6333333333,-137.00685993659087,202355.01752409167,14.653846318668677,202634.75692993822,137.8925868707039,202804.54965039212,200.09856473713336,619.1485261622761,115.56945281778415,618.4188655761592,208.8320245023068,620.1345625393137,60.03225680372753,0.003324809228426904,1,2
3.6666666667,-1.787873949615355,203419.49339278578,73.37049359741332,202702.0153026266,135.31056480158293,202773.24936835936,133.6031646906628,614.3294450980754,-132.95769783860803,615.6496429830477,-122.51929721287395,614.589436550657,60.03139993367277,0.004519926155467778,1,2
3.7,-70.12090515469144,203181.3379157663,21.444599738945772,200345.20923987962,94.25831169849151,202400.06022564988,-43.39260528626128,614.7838917980871,26.81532904748464,618.4721614040593,-251.64935141863648,613.4231270872159,60.036666566044595,-0.0034536538595765862,1,2
3.7333333333,186.65607803068121,202481.55165482796,3.4212418473135617,201889.82164246147,69.7408499574801,202042.83765973285,-86.24311316934198,617.6491765735841,26.556138817590966,614.6938208412735,-59.60994383246868,612.2508176205322,60.03447887995809,0.005991046875097479,1,2
3.7666666667,46.46628811733876,202892.53508868982,106.55311904128752,203588.10147628834,10.514902404123559,203070.01643275723,-54.348325947893414,615.248373329245,-56.149994004760096,617.9781561168433,64.5770597916037,617.6360300206841,60.03234757682288,0.006589391342211617,1,2
3.8,-34.84319663626178,202361.1335632521,146.13365411959515,204068.49444088916,6.03263805000624,202019.15315620406,-38.357515082163005,620.4101383751151,-191.79916951638944,620.0279896862361,-148.64299375433112,625.2080439218273,60.035438603542865,0.0003753011148394331,1,2
3.8333333333,-157.66004525855692,204382.65948668236,127.62810581940212,203111.16036406593,185.70235754863938,201910.70721535987,106.2087879991316,615.633962416793,144.02866164122685,618.932763675416,-44.94794034753252,608.7737789227865,60.034045706255725,-0.0026922028182590017,1,2
3.8666666667,86.34393960806615,199687.32275168656,93.59200889104844,202623.37990157033,124.12255205167985,201829.66666319783,195.86040935058298,618.4178308510548,62.900522530939654,617.7603482251319,-41.20483358688175,618.080331280239,60.034320611435966,-0.012368017200465736,1,2
3.9,-135.48898978418683,201858.26762962737,108.54555327465064,202022.82300166835,81.84065889608382,204303.7865375988,138.26776568526353,615.3118605845976,-255.41514253091702,615.3305625143634,97.53247938921444,615.4114454985629,60.0351371048834,0.0038230375463260313,1,2
3.9333333333,194.24867998000408,201731.07837641824,-166.5857228252029,201435.91236871117,110.26712318175338,201688.38295994664,-46.963453011775165,614.6883475790818,44.341735701455015,614.3452649146078,-53.93893487795242,619.5069713132096,60.037369579260314,-0.004655666329902357,1,2
3.9666666667,120.23514694754682,201954.68996785342,-118.26583686082245,202802.1479999804,-46.99670540190958,203554.60631702622,156.881218621657,621.006455761356,21.700788211586946,622.8881813898518,-46.298405295582675,613.1821062209502,60.03709205031335,-0.00879792732560306,1,2
4.0,40.6195975693642,202765.54999933727,-3.3792235013929073,202143.97082459732,-68.3373909684005,202032.9974807936,93.4969325975181,619.4214924575172,-10.876783103725472,617.1164205510114,-51.62414066462498,615.2901144128799,60.03158692831833,-0.0022250669383504992,1,2
4.0333333333,-75.32045581643028,203619.1441498105,-4.274928512729588,203041.21505783233,-45.46636087369636,201749.84912348157,-12.562568713044655,616.7128239539826,91.95216683977971,617.9052701400565,7.519495668033556,620.8923899233926,60.03468005180932,-0.0013908048354172291,1,2
4.0666666667,-40.07302952385517,200669.84376879668,18.35077340510114,202992.9149360589,-78.77139161341177,201102.949141563,42.90957622659443,615.9038393919429,10.218138359504211,616.2060161146154,-35.272495703284484,620.0390684851694,60.03308010851243,0.005884877635685835,1,2
4.1,64.29803078305054,202032.66931328407,-274.7511826741877,201283.02897075724,35.92564559050496,202712.00153795347,28.021084525279417,618.0824099140883,104.48244349273494,614.4204521930874,348.96330918354283,613.8863774120508,60.036487749504424,-0.010074300693593004,1,2
4.1333333333,-19.343348163919654,202052.11000332484,68.44557086014382,201152.3082143838,73.17906133852004,201947.39951924526,-84.96117598368247,617.1601734239202,8.707110997460298,617.2750861233526,111.4239025103626,615.1216461324913,60.03250198240478,0.0022637384670219068,1,2
4.1666666667,46.49953373420397,202108.64045537004,36.72004749988333,204211.3682760017,32.535309644202265,202014.60626629126,223.50340246829748,621.5368545516386,-111.01435126751052,615.8928678522,7.552343809809307,617.7564442941829,60.03454114767474,0.002085402463972855,1,2
4.2,97.98340071526479,202383.71830516862,9.721097360542029,202683.37451837238,-160.8017949475571,201727.1074159431,-42.635130573259424,616.841180436131,158.60120169155584,616.9814662912923,-26.595608659561027,616.2485062148241,60.035047154095295,-0.0014604417552630125,1,2
4.2333333333,-33.011260477154494,202096.81674453744,102.97374056844373,203176.9849959477,-44.363378122637556,202400.5019407615,134.7088678373293,618.8956101578746,-169.3170222091295,616.9918738969016,31.507598886044224,617.8295047211847,60.03479482557529,-0.001438367409457672,1,2
4.2666666667,35.328730559775295,202675.6776397901,-56.02932595309375,202472.57667611996,10.6467473762608,204795.99820285165,-41.77609391607472,618.1350443075748,185.42310656267907,612.618206889987,93.99295324277564,618.6279788329888,60.0334897489197,-0.00201138614885903,1,2
4.3,-15.651337016611809,203181.3590414869,-39.257122736078394,202641.36164319224,1.5871198210161883,201930.7228190065,-23.010056729514922,620.6548058944467,7.350105276179879,608.9332421965672,-69.77875656686057,618.4532916198866,60.034676817274345,-0.008529672886474339,1,2
4.3333333333,-57.960743527299485,201179.52600082182,-42.67462255695185,202605.67457206678,-194.27828457430132,202020.62170379708,-11.096166728140282,618.9683688402704,-37.655888260708,616.4788439141641,-29.457953847146566,616.5336597208546,60.03386810408919,0.00024520035914591965,1,2
4.3666666667,22.268364702456644,203933.96485039257,-159.81717407098424,203033.448687858,-116.78289152672878,203122.1713105671,130.50808026446276,611.1651882846626,-51.20913820812876,618.0867698542712,115.50768640501023,619.0587328145442,60.03678651818981,0.0005748121903564556,1,2
4.4,172.74212118969112,202506.76852975314,53.04684959136197,201516.7931019617,40.63547189792839,202210.861130282,-57.837416238268816,618.2024461148499,22.659396913836773,621.8600901444216,-26.050021677341213,619.6959219360792,60.035676282790796,0.006504844514568196,1,2
4.4333333333,-100.4822222693872,202157.3423529773,-78.41356236147652,202357.68279140943,-16.234502025118974,202949.51589966656,20.18057616608544,615.1090289249099,99.75706772016771,615.5778625840832,95.2033675363083,611.184226195337,60.033369528302735,-0.0028240292324992573,1,2
4.4666666667,-37.80092436028382,201945.17681591964,128.2583213670433,201002.21151816437,-6.909091730879435,202699.7807965779,-43.176987292110674,618.0577661235857,77.8260190907297,616.4102485772596,85.18857083318802,612.7596206304258,60.03655830495159,-0.0030177176583974746,1,2
4.5,-78.20601503577484,201313.08041496496,0.7336306281498822,202500.5378979708,19.862306504922344,200211.57264749758,114.70115205405506,616.5193094526267,105.46525021658161,619.91575015257,103.16552844623874,613.9942005030557,60.03414426566437,0.007329799879003513,1,2
4.5333333333,-40.308842868122206,202323.6672515957,-96.85627067826712,201370.3664076956,274.98819167070076,203263.1595814842,-4.464562696640838,613.9953507684022,81.24557456753446,615.6808481141846,-121.86072287100565,615.8686064525285,60.034739970900944,-0.005541693346140608,1,2
4.5666666667,-18.03310553791368,202210.74755918203,-13.883476295802115,201933.9403209102,-203.63330795453413,203445.89823063143,-40.394836127857964,612.3881043375652,-5.528767347648147,612.8574516853741,12.985367668653602,616.1688221813455,60.03357389030166,0.0025997327135673575,1,2
4.6,-23.47202091556426,203246.13065142222,-167.29113958120482,204530.6015516891,115.52199097054178,203301.8405072231,77.91471754507745,616.3159943756402,-102.35819767470265,614.3122865188519,23.380584231166484,617.8314436258445,60.035565178348854,-0.0025517816973881155,1,2
4.6333333333,3.3450246642659094,202743.31463636467,69.09603517903946,202897.51255051236,10.750960226771456,201699.38260800263,-47.727958502611806,615.9805543725575,-127.50422258839687,619.4184379914768,-149.5708840419676,618.6520897079653,60.03544774275037,-0.003884009722419501,1,2
4.6666666667,6.65559622228321,202291.245752261,120.72699834968415,200994.53108823203,215.0046243759485,203845.78848483937,-102.29296245638723,616.7070189047957,-10.704557539051534,622.5051355956884,-74.25233831958164,617.9969245792313,60.03710316118073,-0.0005253165467197598,1,2
4.7,104.65710628602656,203304.93746036987,138.94236125399587,203370.73545447184,-17.51648018438483,204359.3079240935,116.44487362141243,620.4282767168866,80.73618161276428,617.7193856441039,-62.415747080781365,617.9492667274629,60.037488946480046,-0.004478699447039265,1,2
4.7333333333,26.941399690384554,202963.78433533414,71.4481928650799,202409.76788199108,54.631359860789374,202083.99171430443,1.1349765496952715,613.0288991413499,14.066165732743606,616.8361250753214,162.40344910683456,615.1776150995206,60.03488497108911,0.006549988228991497,1,2
4.7666666667,6.375728653912661,202324.58204597002,155.56116896101295,202836.81055708136,-28.316250698686428,204335.63985619784,-112.01068940083762,613.5850023220944,63.69194069682558,617.8528080441786,166.77423005878094,622.2760508769175,60.03611846891103,-0.00645709839555706,1,2
4.8,3.482306495473447,202964.8437843683,314.65231881639,202636.12274870803,-21.14072443167678,203014.63935037606,150.42242783733542,613.4220891800805,39.67947950277663,616.2637927376383,-94.02326902419443,617.9130746113004,60.03031924127178,0.00958028012950073,1,2
4.8333333333,12.600376138281042,202048.05919589422,15.905788271815396,202234.3167194649,-73.88793215466714,202547.81072960276,-8.782639561468647,616.2619956238512,160.95336042093206,612.9949958866149,-103.35556028319895,614.0367798845538,60.03441826512201,-0.005139191342989704,1,2
4.8666666667,-74.0006707680596,202740.51921465655,-141.579142713659,202834.83833450355,-185.40172349263548,202500.5519156236,-61.245654285658965,617.8975295195597,-84.22600370099734,615.4832687769484,22.116782825738586,619.2296414264024,60.03658971176982,0.0022375953365364257,1,2
4.9,161.701669067013,203127.37802937411,-75.82034246840104,203972.30256769425,82.31408368179103,202421.93281534567,-49.59823640104795,619.0523175041407,167.75239312181603,616.396126149201,-144.5369253185166,612.1141755044707,60.03858307479103,-0.00011082483131881601,1,2
4.9333333333,61.44812101051154,201480.70369108306,8.59520163876987,203269.26172742405,-58.50813559990551,203366.36428768263,37.00565427636644,612.7193945966198,-75.935779546215,615.9205914239,122.48273264354332,618.4177473269979,60.035853529637016,-0.003911092857536057,1,2
4.9666666667,13.149818188375027,202905.43250145254,39.591375434342964,201798.89968758138,-269.17007282941836,203076.15941635068,-38.59953134426776,620.4989550796627,107.28585485521641,614.2231459918811,-237.37778686362498,620.6176455159218,60.03814923368499,0.0003261920605767522,1,2
5.0,97.61440115413609,202748.60393694814,3.6772729963572637,202355.92321815868,278.8963310939566,203086.1506280148,-109.37513511466209,618.6954183584775,-196.57787515185373,622.4711626890753,110.38727108166685,615.8506419780326,60.03767633427984,-0.0020794725390760964,1,2
5.0333333333,-29.67662301639122,203650.03069358095,68.97200027161506,202028.8292362216,-47.23484274467751,201500.9110077853,147.84165616425608,613.8553537127658,-27.937290382023498,618.5551072603203,73.56777814177435,616.3099049261003,60.03680355759322,-0.00642433355312759,1,2
5.0666666667,-86.52921407601102,201057.0288103643,-45.97902545147202,202742.8759958435,-116.18264852073627,201963.85338879572,119.40124286343953,609.5394309089467,-118.69986068459058,611.7762004126159,-5.220224634493704,622.0775233374401,60.038411533777534,6.521889648197505e-06,1,2
5.1,-52.53908891753076,202111.52819170454,132.59978821223277,202209.55514591318,99.4868241333029,202589.0502102787,162.99021865065774,617.4595632536287,13.074982805002348,613.1091276290649,111.46696232877686,618.3071498682775,60.03898591580083,0.001408233695922256,1,2
5.1333333333,0.1146564801745126,201663.1943821217,-57.60601157866536,203043.48877373556,68.85630314981304,203478.04072353744,-102.00861845168285,618.6991091427993,-53.50841646142869,614.7213832816822,129.9002763052736,618.2508500507496,60.035801603003115,0.0055013105846511935,1,2
5.1666666667,24.867938825270652,203342.65013775983,-267.0364498574919,202501.1208109007,75.21753922389054,200507.99999425976,20.489435485892592,620.8539621777107,115.08002850226075,613.1163227917318,162.69224733990598,612.4847835205186,60.036902464260244,-0.0013758335995809122,1,2
5.2,239.50767752476105,201323.93186290326,138.89334856978442,202499.32190702466,-47.47558954298925,204503.91803716385,132.55247405650172,617.9136029198214,-11.454349798720976,617.3922064694191,27.102320681886976,616.7804028610323,60.03663434724887,-0.007893048379247687,1,2
5.2333333333,-67.23319305624307,203139.39300947823,70.59242533903009,202613.90524798006,-104.43943772495182,202276.5118230159,70.27434119700553,614.195983689856,169.61375839981676,612.4781393098832,-87.09758982872427,612.3789327380375,60.03589891028999,-0.002565624270368738,1,2
5.2666666667,-151.44160299658552,202645.202905935,9.541088574862684,202564.90858517867,87.31019397927123,202888.07992607492,109.75769526593079,619.8441925832843,103.72108593543652,615.9886327048935,-117.62353012674659,617.3798654277911,60.03367122032101,0.0007736028383319788,1,2
5.3,-177.20071881835878,201764.1313838992,-85.54310155693847,202181.62342310214,43.789366263069894,201974.95738919912,-17.00417548435031,619.7189198108007,62.242233232715094,615.1203156131833,30.0110091116383,618.8466458642689,60.035761699489335,0.008195595707502354,1,2
5.3333333333,-46.11125884194084,202831.89196100653,157.18804675205556,203508.23125021445,-40.224838746788215,202370.44259683398,46.58635587043702,616.7922445906049,-80.01054417404332,616.1007895937793,-59.820977663698116,614.5291935528459,60.03283390147495,-0.0026410006455124934,1,2
5.3666666667,90.19735561073404,203190.37037299288,60.573256498331084,202832.5449386033,-94.08177102904973,202277.62386633334,-104.54476555028714,617.9368101939834,-37.269248089276765,614.6252097689373,-48.98190439255424,616.9646260157222,60.03395283793206,-0.0015103201645827549,1,2
5.4,104.2404948457077,201777.17397292593,156.539813073417,200742.9740755297,-248.38335277611506,203245.42110856634,-104.45843232478519,614.7594631755871,62.149914310795005,618.7458158729557,-64.97438688581687,617.2317937645241,60.03948387276196,0.0057100016565139735,1,2
5.4333333333,157.48593063581828,202772.39578077893,-28.809085033337585,202396.1455878033,67.3056218586234,203895.3653740391,-6.348245617282473,611.2137584429674,-0.8680908304570004,613.3071875197458,-71.74581099965162,611.9817551955942,60.03402410126954,-0.005190490662584866,1,2
5.4666666667,-33.941703688658684,201907.8904304171,181.31777497649352,203012.73866954597,-105.46661376655322,203432.7962927481,81.68363164919333,619.4355119313461,108.41206227340807,617.8677466335362,-158.91584521788732,615.2328963017004,60.034697513829194,-0.0022738678521332907,1,2
5.5,142.6812561399433,202742.42440301683,93.07897096165831,203392.023498155,11.479343721765348,202267.53407713023,133.54428883877708,614.7993987480473,55.4699552117791,618.333972781616,80.82296264556066,614.7671265077082,60.03607511503999,0.007075542305995104,1,2
5.5333333333,-45.91982921163994,201265.75231044865,-54.8371595027127,203175.83434031386,-27.3933342527207,202603.82370621082,187.79618626704521,618.5647251521474,-66.63195673047804,616.7760092709372,120.66537609084658,616.6539742761514,60.03783761532518,0.001690416830184324,1,2
5.5666666667,106.07375479583453,201646.18286607869,-20.882133397537583,204039.68448088702,-2.5923810114621295,202528.0723645569,54.212099386798904,610.7099350391425,-6.873219844251571,620.1870705240133,-135.33385981973368,616.4403539216045,60.034189747879445,0.00283280538620701,1,2
5.6,-100.70147962504171,202407.40111565325,75.75522684666149,202729.56382804952,-9.749092806243361,201296.07961039993,73.5536330912426,617.5453446333387,-114.78964143626158,616.7619104117065,-13.674496900310213,611.1433875857019,60.036358157397544,0.006108360945513276,1,2
5.6333333333,34.86769911496932,202759.36936943073,-54.84310719793275,202133.8858776485,61.04684968238289,203328.3338415499,116.15497589750144,616.2267557884636,8.673021183824057,616.7691288963841,16.50551993655533,615.730395522805,60.03729425275889,-0.0050933372400796765,1,2
5.6666666667,136.5717510253913,201870.79079515324,-3.2956913547563333,203019.98871967115,5.656820697603101,201522.92641110264,-98.05053718508628,619.145921870786,164.15445388291096,617.0335310131109,74.29234124350701,614.8170554281022,60.03351551308324,-0.00684097125360276,1,2
5.7,-64.09939466005949,203505.75628908505,-90.66952492023378,200637.1574160827,46.649046611051176,201033.03832613648,98.51016212780726,619.2354175845036,203.78096723460564,618.6259982112193,-286.9766489195316,615.7647578854026,60.03496276523278,-0.0024844970912457874,1,2
5.7333333333,138.54896681035345,203026.70133905747,42.7593333907659,202893.77218591562,-222.10216431399587,202485.9924081404,-40.163059583188996,620.1867274797685,50.085815532081156,614.8857053638479,-173.3674537971908,619.9560263527513,60.035926411896305,0.0033707401370914494,1,2
5.7666666667,-90.88997906305275,201826.809447884,11.421313732568773,204495.9763925335,131.0090444631776,201295.82185618623,-256.2403467480144,611.4527040582165,-217.92585987211754,618.7555449798432,163.95076151783763,615.227165937962,60.03519356205564,0.00029807762588109337,1,2
5.8,176.1260198042847,203102.15639055407,-61.30782609508654,202883.05960417213,107.16530155510621,203363.94448974714,71.66748667158127,612.6416843963784,39.30178230517165,617.0642462309828,109.84858865259332,617.4410632738509,60.03979232050786,-0.003196485245603982,1,2
5.8333333333,-65.40374160352609,201643.5015185428,-71.48671036020446,202971.70316464765,-33.38027861938466,202092.4472361378,-210.58094619476688,614.0815501798083,-27.972299238602417,615.4439532711827,-141.4488058506863,617.9791467293109,60.03531056621468,0.002203111973957756,1,2
5.8666666667,64.21254512667839,202393.18643199457,-5.073142330191329,202034.85181464674,-49.68971671079961,202123.88222851016,-46.80605613178864,616.7794708121857,-124.42384679686629,612.9866688167311,30.161457880468735,616.3651845106746,60.0328595971217,-0.007076370858304636,1,2
5.9,-111.43584285344313,202872.00772580094,-38.65276304782844,204143.9496555308,-35.548955821357794,203697.72560054658,-64.48867670265706,621.3968181658563,-138.91451154319626,614.2308939568408,17.174952197954813,617.8143926773548,60.036209796455665,0.0025683466010219466,1,2
5.9333333333,38.48051296828509,202104.98980184825,-49.107212274017805,202651.89730990052,29.425912610240825,201948.16666306544,-134.9074648054461,619.6181494742862,-17.094591122287703,615.5464316453907,42.11061589369363,610.0198820919851,60.03476516600476,0.0016847226898064277,1,2
5.9666666667,23.02208399182709,201935.46643225173,-116.04063834975892,201454.19566819872,-40.00530859111016,202397.75463774067,-100.78050725423867,617.3640992078302,-155.66863977311382,619.9972846769192,120.86386009932657,616.4043956088824,60.03811699979744,0.006153821008516488,1,2
