TIMESTAMP,BUS29_VA_ANG,BUS29_VA_MAG,BUS29_VB_ANG,BUS29_VB_MAG,BUS29_VC_ANG,BUS29_VC_MAG,BUS29_IA_ANG,BUS29_IA_MAG,BUS29_IB_ANG,BUS29_IB_MAG,BUS29_IC_ANG,BUS29_IC_MAG,BUS29_Freq,BUS29_ROCOF,DATA_PRESENT,Event
0.0,92.27421339086843,209078.49096899794,-13.169589152510532,207986.57428457306,-77.10249082252255,207287.35392161575,-41.50187977267258,574.1496691371727,55.97556282736485,575.6143952156898,108.99071324209382,578.8474829032194,59.999911653922695,0.0007388458925828898,1,0
0.0333333333,-271.92378350410337,210450.03411048843,-36.59629476514313,209644.6541515349,-141.43738264437658,207982.1550466204,105.41748710469085,577.1430509046004,31.749291744191105,569.4470017728053,87.76570175023596,581.9660787589204,59.997781249032,0.005650333656781656,1,0
0.0666666667,-221.546583090601,209534.39719703025,36.8572577969755,207776.84304090403,-156.53847819423368,208102.3975244473,-138.6833778134301,570.7037154091684,227.55294609205572,577.0619169659676,234.99547164187402,573.6759792467493,59.99931337796042,0.0020782831235964393,1,0
0.1,-274.80990108515226,208606.83767737643,-55.22687721380119,208633.82519737873,-20.649216416311546,206690.720975151,109.27916533835908,571.7912226116355,-50.68216948999861,575.7283761113788,-80.35284485542527,576.9994506846111,59.999870510377555,0.003045547665317011,1,0
0.1333333333,-60.477599920585035,209121.4967359256,-177.4440880792295,208411.4041315486,152.244402055205,209648.6866438653,15.678581927590036,574.7435279882677,-11.296025639657387,569.9339420098105,205.11336268778024,573.5018995928777,60.001605716106155,-0.004412266336217297,1,0
0.1666666667,30.247778755035142,209293.43655229756,-12.805330662608547,208910.59034623764,32.433361943997134,209140.5005028649,11.841643896510563,573.2752892184202,48.99092671632994,575.0360245099545,-206.45006652728162,577.958182882963,60.0010303929774,-0.001244094284205132,1,0
0.2,-89.77540500983316,207368.36223448164,20.546833345888,209566.0463246062,110.10332944621247,208112.07167573168,250.70866232295919,576.6127318551336,46.8636862867083,573.1207880022612,86.47980753991148,570.7204825262461,60.00095579488526,-0.00021787241349033472,1,0
0.2333333333,-51.12097554483782,210389.16203274805,-13.880554212969042,210213.89607788282,13.633826181395357,209990.0038348602,-5.62069202541798,578.0656732740619,78.54927703703554,573.1314558436204,125.88987345677415,574.6961254797914,60.00027458738407,-0.008689518592158583,1,0
0.2666666667,-40.84014691016066,207262.04525394842,-45.81464832358231,207862.37079548428,-37.186540929733766,207543.727336167,64.20528421001805,574.2003315285665,-130.1219060953082,569.7102854149528,77.73638813843658,571.8806601215754,59.99984187224563,0.0048576291339364275,1,0
0.3,16.50225213109895,209035.56644890783,-31.42554814975051,208364.9272553677,69.03927345209247,207065.1865721973,119.84197355538598,581.4334493915519,-190.60924070011902,577.5685068421403,96.08730299915432,573.6113392629659,60.00110118117582,0.001703695170458457,1,0
0.3333333333,-83.33005548723004,209629.99215314625,95.33993416459363,207376.22317034227,190.39340506279117,209710.1301644965,-62.136333473093806,577.9503395430644,84.45313886360545,576.7727054081394,2.407025749126866,576.3348937218622,60.00002758918307,-0.0017117637397147713,1,0
0.3666666667,58.82688306610569,208938.76700797403,-10.165080194376987,208840.98781199305,102.0467162391157,208678.85589844742,101.3912770094327,569.1827434991055,-18.936707299372085,575.7124182552559,83.17813061555738,572.3862092413285,60.0009838941284,0.009227284936518674,1,0
0.4,42.67325846314879,208136.38975716065,-74.61365821597866,208183.01731122623,-32.54544861804158,208325.05430557742,126.04195969003317,572.5794483909739,-181.1817224691762,571.8021244787612,-26.08111593125946,573.5881500381038,60.001717709869226,-0.0019074091439503355,1,0
0.4333333333,28.429265718377085,209950.6710263027,228.95574528842383,207424.92733226562,-83.04699363979081,208054.06392998478,-41.57095325037224,575.692877835029,46.965253050942096,578.640640775073,-105.63640587208447,572.3498970754592,60.0002705021696,-0.005514499422903023,1,0
0.4666666667,-41.88574606519418,207616.15964548595,180.55558326059176,209147.69693797108,41.86916822221495,210428.03177324875,-29.234644774726718,567.9468645122339,66.77602802444822,575.1348196832624,-13.562956217244508,580.3439480007657,59.99649473688571,0.006363596072119855,1,0
0.5,19.13187806187663,208569.88815852255,103.3401437284964,208528.30338732977,147.5223026310073,209366.05134911434,-109.44727617538307,576.1387809995813,-43.99339716621023,580.24939838737,-81.22299500468252,573.864567626081,60.00204412670554,-0.0014834275753207815,1,0
0.5333333333,-24.964767182147273,208104.72340160795,-84.4648761366219,209159.28685680026,-207.97209142414854,207278.0265766065,44.13831305972611,577.2771684279058,-5.5245623786406775,576.6965350604797,67.2474591163676,575.5510126667214,60.000378739301425,0.00016756002580866445,1,0
0.5666666667,-229.73873799300995,208658.99417390284,-67.21281717508705,208695.5190562468,-60.62165208562055,211452.40245044001,-231.29262970192488,570.6032568602305,-16.695089526115982,574.6554208186911,96.8383133618967,578.346253687886,59.99574279133604,-0.010363528716602484,1,0
0.6,-86.22252404176649,209755.7839717541,-12.07232301568774,207538.3849626465,15.447658482085483,209950.20993042324,30.97417383810911,583.470065692975,11.31575405738844,577.9240268969243,-269.0348254856899,578.2805090183389,60.001389391783675,-0.007195381390020203,1,0
0.6333333333,39.33156971090427,208935.6886853472,156.56094520679065,209056.2216575476,82.25260022262744,207951.6352251084,-82.77582270593045,575.3869065286635,-72.1713056362716,574.2882175987398,-64.11670108132367,578.4650991625002,60.0024535549181,0.0012207716829612536,1,0
0.6666666667,-70.24279998584142,210133.67482307428,-13.911562889038077,209714.01389725166,62.36345919483787,208596.23942259606,-96.10882451957592,569.5812038728876,-86.00583504990412,578.7223026026498,-14.781331180294298,573.145551931808,59.998269082761226,0.007943751060348468,1,0
0.7,-0.3980872216586602,208871.90731016852,60.687577026552354,208863.78031775213,-73.9661715398033,207058.62994073183,1.7191839502567454,575.9192728436279,10.421140664413297,572.9793545856941,67.92637469733418,571.6169304375369,59.99787404568618,-0.001223454392933465,1,0
0.7333333333,-89.44730552587605,209600.38708575297,89.18889974062127,208555.4925811751,16.35026890206697,209856.60170758318,55.77396955307733,575.1241003476329,-3.8793649094455156,573.730989620764,103.51839045712924,573.6510679932994,60.00095248096947,-0.0007429498843191522,1,0
0.7666666667,237.16059534518877,207527.88626732148,144.30958290516733,208535.4146894644,-112.38196162351976,208123.55015164186,-5.558056982518201,571.3105983586472,-57.32578997047962,574.3326052998291,167.75647929040326,576.915452360803,59.997408309263996,-0.006677129956865367,1,0
0.8,83.462479562438,209279.12611356337,65.33848970038888,208831.6784632931,51.02525682541959,207917.92504146908,-39.63763404966837,578.3422450166831,57.58724142020251,572.6425870128519,69.78443968549169,575.4192344879556,60.004837895750164,0.003953923891574875,1,0
0.8333333333,-26.84842977223601,208702.8768526375,-63.90705838778749,207816.4871433641,-148.3401401295299,209442.39611289432,-56.83693111639318,575.5759556869165,85.33096715298102,572.5409322663377,258.41148962404907,568.8761946087103,59.99904791080096,-0.0010928270880526856,1,0
0.8666666667,-22.075806521105637,209967.76494143342,67.37064788221598,208215.89978592502,-176.4753186938232,208829.18633645173,89.90958086099296,571.9784051001695,-129.83928405465713,574.0486693843361,-3.324350004481186,569.5418766377395,59.99685110143406,0.0017012234828589557,1,0
0.9,119.38418877083531,208918.99936271636,-51.27182397144558,208255.991989888,-43.44043541663374,206860.0460199856,-14.721608166645261,579.5160485713978,-47.243864576593516,576.1188006731808,109.5946577263313,571.5240530043267,59.998940508008694,0.0030912353564505617,1,0
0.9333333333,-50.55165441308286,208967.76280137777,87.30491164326945,208823.83511130128,12.59823166770622,207810.78741409976,-21.07553341535639,576.5704074852433,-62.85837009835807,571.274909508124,74.79716108357847,576.8088474088186,59.99921901796093,7.568800279552867e-05,1,0
0.9666666667,28.752240780457452,207637.93023960575,-50.7454497357387,208834.15096178927,-221.88658787454537,208706.18984164138,-33.66782893987434,575.7370000259994,-146.53196570896125,580.44123533055,67.61149726463408,575.4571573965222,60.00088726212689,-0.0025150146271515827,1,0
1.0,-66.94187634165128,207952.59441641427,15.619167690740007,208991.96580616856,173.9572550499139,208911.7195921602,-65.46076223767307,573.3715302886958,-14.20161249449851,574.3070851383059,120.06337887148027,571.5437266020747,59.99749198822221,0.0069689537765706515,1,0
1.0333333333,-129.5410955263748,208403.54054163405,15.497055881662313,209142.7668849955,107.3598163853706,209111.08545707323,127.1367674783393,573.3671442768464,186.70331141919445,579.39240492531,294.70877838052394,571.9858079356253,59.99826571757434,-0.003761109487638521,1,0
1.0666666667,175.89577942029698,207384.45172712373,162.4996135292647,207592.72418053314,-76.28374947257926,207715.0458442868,-44.048977228019886,572.1116250534672,-24.266498006939734,576.6177914356567,-71.6817452375535,570.2866163509484,60.000601751253996,-0.004424428953692068,1,0
1.1,-25.391951178504534,207665.44973416592,-97.92115782218907,207956.1802087129,-141.19920851305415,208971.1420510301,-43.15876348981855,575.8170607805076,-140.00224701683973,568.8400139922053,-91.6777786025653,571.6189741119059,60.00009494261972,0.0026912983859400746,1,0
1.1333333333,78.29260729020824,208070.82056706128,-76.64750548955766,207071.44085975992,233.61573074911658,209020.55292267917,-12.985495365728008,579.1185464165857,0.1703273408563425,576.0550301986767,89.46701693649104,579.0918195686482,60.0002515663499,-0.007407072139991504,1,0
1.1666666667,125.26258326792414,207069.7304919114,-94.80573785703139,207232.54040638602,-36.57444047849581,208838.5106640377,-26.24061288793343,574.394242684754,112.38806899800954,572.7524021958059,160.4441146567965,575.6690967649282,60.00032981181996,-0.0024412172600853455,1,0
1.2,123.64057389958266,207891.80600205815,-234.0313480573537,208817.41982627398,-118.43965638780794,208867.33408135062,-77.53795011550179,576.2365637941442,81.73119534987369,574.4262114395041,-58.61918205951106,575.3955996729093,60.001769595019276,0.0018111436434472957,1,0
1.2333333333,139.37043127932927,209850.8581394817,159.10290505526635,208537.42930045913,-44.674737805105615,209545.9724221672,-83.36961687202931,572.7014928103836,55.91369220647794,575.6190610003616,217.04778634214108,574.3742176251171,60.000041152665666,-0.002346683109194437,1,0
1.2666666667,201.2864389905868,208904.51048973642,-76.5348311698529,208820.96237058387,17.193251628185752,208459.3642490247,280.70553490338887,574.9090759315035,-15.991614275338542,574.6225475634091,74.42217034822816,568.9439266764526,59.99844641419887,0.0018913468462303659,1,0
1.3,136.99752003094753,209169.6107559967,-198.23354263917744,208660.6090013654,136.8986744455112,208132.40670019013,79.08223118483772,574.7487555303481,172.27505704347374,574.2886737695359,43.299538167981666,573.8399373340538,59.99883311811289,0.0004375542998360262,1,0
1.3333333333,-21.912799898560483,210056.47166118497,-90.47557175964705,208353.32001652298,-16.111571360075406,208637.1504345041,-181.35723352543857,576.3035692072308,128.01713430879488,575.3416471502375,-90.50239422218706,575.3988212608084,60.003074050900416,0.0021430814359287994,1,0
1.3666666667,154.07032811925478,207686.6525566249,152.58473239875244,208735.5267892241,-40.62731016928895,208397.954236916,-224.62849206149738,574.5867912576733,-43.191348040035905,574.2842862137372,95.21519140147016,577.9056800019324,59.999922512883494,-0.0004747133213153445,1,0
1.4,52.617426506519394,210433.42580457372,29.750991545401757,208552.41671354248,25.847878880182382,209000.19644156456,-144.67165985048558,571.6500540171745,-191.6697456969205,578.6801488919067,-12.869031420147394,577.6604791012647,60.003260814089494,-0.008892411464483618,1,0
1.4333333333,-166.2980484586842,209843.87846768738,64.4676916723349,208440.613513608,22.015425826420845,208131.71829818565,-143.90755038086277,574.1392283194518,-130.53659788495253,571.8020729772505,113.11667878987856,578.96820784993,60.00040574423373,0.00438915961137225,1,0
1.4666666667,-7.475087302509582,207709.61589135538,84.79850478054438,208904.84633460882,-234.44835633455284,209071.11802848702,-30.850378814636194,581.3102755597463,120.25355318629795,579.3404530131996,-157.45804147134658,570.9071836832838,59.9983602296773,0.0014401940830077145,1,0
1.5,-29.477366479057178,207625.1257485015,38.80132785572655,209036.22892912908,-188.55650772130085,208247.81073497926,25.103094558054828,574.3052388119905,-32.8158108036324,572.8477608443535,198.06909551977006,577.222860489549,59.996976649043205,-0.004882370855160047,1,0
1.5333333333,-37.08717330320181,208076.93787215438,-83.61791474559713,208752.027871793,-133.68594398071696,208304.59797130778,50.104562713693305,576.7946588993711,-32.119918240110806,576.5644534791184,35.79556720627305,577.7213806580226,59.99989539283502,-3.229361277059502e-05,1,0
1.5666666667,-1.0214054038776343,207039.22123034028,-28.89562238849497,209322.89615358948,-116.45724871306675,207792.25551011978,-11.3776950866277,572.856347106865,14.219834920543368,576.053700294356,-22.881984788779516,573.2895963838434,59.99926887211433,1.664730657707947e-05,1,0
1.6,-72.20238207938307,208215.97735228148,-241.09897486876417,207781.97682613568,202.34670834317336,209342.9296999656,-123.97744338181751,571.2199943715193,-153.34152716782359,572.8085655610867,35.53649811430658,575.4838338480483,60.002212304070426,-0.004817025959236412,1,0
1.6333333333,73.77801697270276,208748.71852529273,-148.53152947389597,209460.57774404006,-31.7954859991152,210902.73765875783,-63.10931907488584,578.7564949485139,86.11817690972796,570.5682470780058,96.36681006245989,577.251670777713,60.0034363962141,-0.004112605020197019,1,0
1.6666666667,-146.66940902555547,207689.46423152718,43.44030953798561,209345.67517201172,21.133479788276965,207977.79903743442,26.226455763886612,573.566443886692,149.89499501655004,578.8297984303081,-107.20489663707174,568.6406754389077,59.998339010005296,0.005782724877242942,1,0
1.7,101.22706961769562,207505.87035875302,37.624951584875404,209128.58180399175,170.84150103125984,208436.90432160892,62.54013232080752,576.0738340131718,-50.09587893570899,572.3165357912841,-143.4299520777929,574.0434533446249,59.99852880485873,0.0008483996513653566,1,0
1.7333333333,103.13197798028945,208035.2846648449,177.82372693485183,210555.91859814466,-42.91481121953012,207807.62526300657,114.06086298837893,575.0003616960494,-0.06361285574399866,572.4883754729011,-22.542321240333887,573.031812922601,60.002137497214825,-0.0001798898636054661,1,0
1.7666666667,-111.01781745885373,208368.21085981917,2.568877071356124,207074.01321499015,87.50790112838581,208840.70906119718,-39.327113031030116,574.4711047763058,-17.483066053862355,572.6708583069268,62.96099519973322,574.4132249243588,59.997852138403914,0.0008887572012707181,1,0
1.8,90.7561991200416,209562.7811647996,-156.4309679528167,209569.52740746774,25.223418054371727,209177.49815369427,3.4668745892323543,577.4118631590096,104.3184208741963,575.487147256813,-92.34042100826797,576.2681733725464,60.000635748454265,-0.0026247235921753086,1,0
1.8333333333,-142.51685932954808,210282.44653463937,-110.39261998761746,207629.76393262748,78.1511754627289,208636.19490199877,-175.41906030304057,574.9203728421579,-3.87062705232799,572.692234499516,-136.5631364812655,569.9834746302224,60.00529858456479,0.004081614666199376,1,0
1.8666666667,-220.62972731164368,208333.31851491047,-31.036206179484715,208721.38021979932,-14.125483486904741,206917.04893206523,-49.50980600709237,577.0820688605268,127.05947990103735,575.6579294142664,156.79384796383692,571.4901741641418,59.99721488400733,0.0014089002783357688,1,0
1.9,-175.00699615553128,209138.9424139376,8.531292919642686,209223.93840809865,-74.27494406449578,208703.53261046007,111.62049371555834,579.4367797252485,-162.31451194017276,579.831118600942,-30.111807397447063,580.0743823512179,60.00040954323005,-0.004207738849210662,1,0
1.9333333333,3.808783589058611,209316.98748268787,216.63482683666612,208119.9624830399,114.61455935213041,208072.82738684662,6.5381115811222,573.9840693299578,-19.53735863908585,578.86117154531,82.30751578089605,577.4459054132656,59.99998731125812,7.171563794736557e-05,1,0
1.9666666667,-20.826700001823895,207995.85878158532,17.813699739042594,208939.52504276272,17.502337891191335,209444.39272671856,-89.64847712513561,575.9479022400067,17.916167647191358,582.9400292145683,-22.308067823573502,576.1213381617874,60.00080216463095,-0.007272510478649501,1,0
2.0,88.4383716880049,208432.31548208225,72.17060355451277,209446.13467432355,-165.08108498155374,208968.00583965358,-72.15335875648731,576.201986318889,229.41680534380956,573.8982097629246,56.233353489835196,571.07252517774,59.99916010209663,0.003318041688355328,1,0
2.0333333333,-113.33757086208514,209105.44566601657,80.05170887375903,208936.4968050042,-36.390516269083896,208667.86383828157,64.30375927054831,574.9036581543386,233.39786278113664,575.6088494495369,101.21247934141569,568.0317180165162,60.003272044035796,0.002980766015408829,1,0
2.0666666667,-124.33416989049043,208683.16563331333,183.09996247880105,209196.36544687842,-55.58426087254863,208708.90537716635,64.09272144929903,570.5497544484015,15.1381654578204,574.2315629360264,-156.8255883804614,574.2979142032822,60.00341797861765,0.003310342004176782,1,0
2.1,-159.68074044062777,208666.46043523715,-89.50354469170077,208198.58850002065,-132.11768210311286,205702.57982476256,-31.374102293738574,572.0984484374156,124.62329203334626,574.045584773338,171.1092672956492,573.8436407982723,59.99981243422724,-0.0011565358296329342,1,0
2.1333333333,-91.15021709177853,209295.482323658,79.68133423014368,206758.2730875062,-170.331651587992,209716.93841071907,-81.81924131291346,571.8710164150039,-38.940533304806976,575.5546607847667,-188.70351048558834,572.7400043827985,60.00158949545063,-0.007436460493200391,1,0
2.1666666667,87.55335187413137,209740.63733729348,-101.30114504179198,208827.1269053482,267.61568458839935,209779.51630308756,-127.89990608515461,576.5815703646956,116.861933082714,575.4551321739408,27.01706533831628,577.132510929034,59.99755735009295,0.003440505984283288,1,0
2.2,-122.24090606191191,208905.43503071147,165.32152138638963,209860.25579429395,92.82218135955158,208449.32308333096,-95.5675313741852,577.3020060189237,-140.96010975522063,575.6054382278779,-120.51209604978594,571.475253764796,59.99814279193057,0.0006430454991892275,1,0
2.2333333333,71.49097996780148,208213.1907456259,-110.24492749666095,208471.4906173483,78.29548178433413,207890.90826037285,20.632076325646487,573.6724354312548,130.20075358382144,573.5331190548835,200.0722489264738,578.1297135469572,59.99635797502148,-0.0022109213570276898,1,0
2.2666666667,-43.310641108035966,208242.53191744164,123.07422007399967,209624.67356468213,-85.31822300053913,208450.26266958448,-43.44193992128605,576.7859003705687,33.66698447558265,574.0737832203663,-185.7305762257478,573.6562148713247,59.997128321906494,0.001875333328640446,1,0
2.3,-65.99324886491543,209320.0010640143,-46.653014072859634,207698.07775685185,-44.45652899072372,208304.9778286339,89.69167911313919,571.6499500696187,188.66156317568135,569.852743102856,201.31193422253511,573.5437713415166,59.99957461153215,0.008787791731987684,1,0
2.3333333333,79.15907730052396,208697.7887597491,3.918144065598308,209989.7760767566,117.57238060472193,207731.40150861573,-27.145888550914968,579.5342919881471,90.44523060180722,577.0872131799882,41.06485133731043,579.8427710028913,60.00029797975401,-0.0004644751406858978,1,0
2.3666666667,91.31588208117448,208086.20036181837,-36.682202830274505,207125.1864283353,161.64075955753145,209418.08556839687,22.172732120639694,574.0219332441676,71.05128275448673,577.0410084709515,55.887810763433365,577.6283088573308,59.999412334765836,-0.007920847879083523,1,0
2.4,-14.300723404506414,209229.14241702267,-221.2863597051553,209191.56139395025,-222.01386247776014,208780.02780238024,-77.3210809379152,573.2574271128985,156.0897716500321,574.7521579641234,-43.28806822838004,571.3697452388035,60.00199867452959,-0.0003387444927615931,1,0
2.4333333333,25.495147277456947,208531.4343883707,-72.16917014509912,209234.11459270478,231.29312665134375,210036.66989260502,34.57055424071003,575.6446521033986,-89.05959849249815,570.7061993799907,27.194037957380594,577.6394681314443,60.00454137740314,-0.00044110311556270245,1,0
2.4666666667,-226.48473923953568,209260.10912039247,16.11269597879515,207463.80503347664,100.42415781286861,209131.30974058164,57.05543720621876,575.5677895141989,90.55547943315567,574.8573743687739,-98.28598664428822,573.8665521116262,60.002550746840676,0.002962666699062596,1,0
2.5,100.28783677743743,208501.80078653537,-45.55434105485762,210234.50594918916,-72.74493208825484,208013.5100153791,-56.74838146658441,575.2050281219509,22.965722788096045,572.8096505510478,93.01106653286226,573.4829671028168,59.99854966414036,0.01156484153541028,1,0
2.5333333333,-74.89893223406537,207136.23974942628,5.85609063066772,207745.23411925643,37.590467695397045,207320.24486616114,-37.580440030574906,575.1986506899273,268.48899454663314,573.6093669027589,46.75611821083484,573.2644809794739,59.99938032628042,0.006919726604516314,1,0
2.5666666667,-55.677814112231836,207993.64405156477,-11.441543746683482,207712.27233055478,-47.83804117287096,208660.0431246525,-44.42527523167454,575.46401818234,74.26317503095478,581.0632596776829,3.1968777919222036,574.3855293818024,59.99844539782908,-0.002939559176988208,1,0
2.6,-6.278349712866823,209031.48808966728,32.03403311521908,210006.08262579594,-128.35439387470046,208704.05766809187,93.75946538197346,577.0845630251126,101.68604646461355,570.8868697879303,12.351393089737366,577.7879765047819,59.997359811127275,0.009128272356725796,1,0
2.6333333333,-0.6391147254588312,208500.30770683847,-46.989766631002794,208957.36297514624,116.81069803132922,208812.01951756544,193.3521691952689,572.0458928192608,-130.53034420825117,575.96430691224,139.75782469833987,574.1450912769028,59.997662258190374,0.0032738739104816324,1,0
2.6666666667,-148.73018829712268,209597.96952056224,22.417191885752704,207137.22094513202,54.54552179722453,209026.8240006554,-18.917679019585403,574.451706928454,11.731070556312206,570.929789392374,-185.48426042131894,575.4619140700344,60.00138433360949,-0.005963757939116164,1,0
2.7,177.6199568551165,209043.07237182744,-106.77070522974087,208569.64669919957,1.8780893716407916,207412.93408154324,161.9316749909433,574.3756444693423,-170.4077771300147,572.7439946435173,61.59666113153247,575.2667170279095,60.00386765715554,0.0037598805111628258,1,0
2.7333333333,56.4651337536862,208827.13503910924,-66.27255142752658,207995.6740941583,-6.82056059121738,207740.29258275675,121.75518777645189,569.9537535701106,96.86683983460918,573.0294492330164,-87.0537458692802,578.7438759045046,59.99861731736,-0.009363145343497494,1,0
2.7666666667,-37.34151012280075,208412.7794213011,31.60172796608748,209643.75934123507,-171.80246957081863,208052.240862003,-169.23170030432516,570.6406777204538,136.3114708525017,574.6886607181733,186.959741359499,572.6032270160472,60.00077132598971,0.005892666183879056,1,0
2.8,288.66087742071005,208765.5928707238,32.366391948551396,209175.38492274226,239.32914000329774,207629.89253214837,-17.363409331177927,577.4393677025992,-26.430583709545452,579.0860839873636,-247.49643899743643,571.159572564719,60.00613506142167,0.047421803437994466,1,2
2.8333333333,135.46059290441735,208973.38961944662,167.41877871810857,207247.5285730771,0.40977842127052666,208652.0985559686,74.26004322238015,573.5899352734184,-84.94556141596541,578.1204459969446,-19.423139086358116,575.4984803974853,60.002742132452106,0.0496250910267535,1,2
2.8666666667,92.52702891082735,208402.35260630003,68.84416774373402,209490.1110792378,-148.29689400469414,209105.45486582737,-0.2398538602625333,572.3660586489012,3.2904595645535113,580.6517920404963,168.13844264348666,577.1502975103809,60.00370679143909,0.04766358449708578,1,2
2.9,61.212722413173466,205847.8651555235,158.11987681793116,208844.3376466397,-21.726107454109304,209683.84905291462,-21.54873572409229,582.2357253525124,67.06047401892192,579.7965592525079,-32.829659399887134,578.2105958989441,60.00713188682358,0.04421426086607681,1,2
2.9333333333,47.501387111881826,208123.30795357167,41.500889776536845,208607.65230513283,32.934298075008364,207780.85785236434,49.42805120078316,572.9731215357502,11.877626574236654,570.4755972467422,-115.47238011776474,574.6737323676155,60.00851356834084,0.04133608307065239,1,2
2.9666666667,190.76185101631685,208919.70730070997,-79.162744279065,208483.9968306022,-117.93188657952348,208200.7887008093,23.647482733443717,573.4726684178218,-52.92792783463827,573.9119920549816,66.3510633052972,578.2765531002552,60.00879586695969,0.03338525081102222,1,2
3.0,-115.33584608750792,207931.60221406288,-43.97544303001926,207277.09641245354,229.0060119530269,207372.76112897266,-203.75400809917733,576.4896704901334,167.63113104237797,572.9500582114262,81.28265360817872,571.4577435224573,60.01042432311625,0.03552236425420124,1,2
3.0333333333,-95.2700980390717,206006.55572176608,58.303926092837564,208740.68462383706,-100.64534812723817,208584.9711851578,-113.51550766100864,573.4722264114454,133.72122930345165,573.2275572396534,-11.08985490951763,575.655130876413,60.01310744453533,0.04041761285448424,1,2
3.0666666667,-38.083426040734295,206953.97301077878,-37.08069266027274,206919.6362852476,-164.49186975888287,209433.2955398277,-148.35236204813017,574.9873655731249,-143.24907782851201,574.9322063849838,98.44267776183672,577.626476191264,60.01408665539488,0.03266831019884277,1,2
3.1,185.02527933307408,208609.3872586926,100.2629400327644,207786.40027738307,71.7279717734825,209050.27093410207,31.694633281638254,573.0154247598958,-198.8007605000836,569.5629671337529,-153.76035865026597,576.7293999767055,60.01393670490971,0.033326983392775955,1,2
3.1333333333,-70.89114505770165,209366.8347610688,-75.35680845880016,208773.79281310987,-5.580459736660106,208824.29911701495,-60.66681466078245,574.8339143093161,116.21515045936562,573.4482125340635,-136.82154702920448,574.3212284346669,60.01774247826132,0.03348034916141691,1,2
3.1666666667,-209.4880853837769,209077.75137228757,61.4819343608849,206648.0243993166,-71.42667683209422,208885.95070978426,-32.520875855838206,575.3450156055872,39.65419349069015,574.052628816585,-157.88727862755925,579.0257543184981,60.01693374410111,0.03368653186355663,1,2
3.2,-186.9290363513491,208571.7720626433,-31.416213366662358,208573.4845363235,202.2046410729386,208928.1459680724,92.08349533067722,575.2163462331958,-22.959537605203263,577.877872647188,90.2672495587949,575.1851488216084,60.01729189549872,0.027898132217365857,1,2
3.2333333333,-137.40777285696683,208855.86091087924,-43.50027131699601,209227.5790300819,-34.24129811915148,207791.68258851953,-81.41418562167217,577.3265483813599,120.11526617436544,578.4002883489976,-86.27616357885121,575.2796019032439,60.016808290462365,0.03760785906972493,1,2
3.2666666667,-124.83088374065152,207499.93396050629,64.90100950481941,208139.07847646056,-8.032726094537933,208486.1387005871,-85.26648750331445,573.2778698160691,131.62306767010085,570.6155876088294,11.798488758983579,576.3114993994368,60.02076874867998,0.027322571238959883,1,2
3.3,113.23909298010464,207687.2333712948,56.66760089776813,207547.76134230822,-20.66684703931913,208267.4028485011,99.63455652408179,574.7811196523535,-40.71700646738651,570.4718690437934,-9.294576030064002,576.0601464686782,60.02037615800857,0.027666153684010663,1,2
3.3333333333,33.82927098065481,208465.69355636145,-13.626296927151378,207847.3814058397,58.45969524665205,207222.66369977672,13.10024191379585,573.4644819100454,-31.46766286433414,574.7225304761157,-170.1648479352954,577.5744685558323,60.02472559999214,0.025997537311044008,1,2
3.3666666667,-115.60409962804394,208137.99394065037,-110.79150318723521,209617.4672033844,33.38865916735151,207608.96866061958,38.00133919395118,575.017660940602,-65.95778001186896,578.0589696911551,-84.46405120444435,579.6326626129288,60.02442147717644,0.03341943515795246,1,2
3.4,-25.767514388836698,207434.2422947309,-49.514860880881535,210774.75608339297,-53.73730755466343,208038.5090107914,1.4532678181993255,577.6695436282821,-123.80733406218525,576.9618783754893,28.7520830523066,572.5445736121152,60.02085919184277,0.02547326520475757,1,2
3.4333333333,-79.61797162697589,207832.76121545763,12.90741774123244,208550.01981581308,-93.74575600134844,207788.76323265996,-73.36541800626298,577.0452525171443,-23.72123957744905,573.1834126769743,-126.0226334331811,574.1775648817018,60.02194002803317,0.02391307858035756,1,2
3.4666666667,28.268308553822287,208334.81594130606,-117.3835036745744,209210.59613376457,-58.47633862160509,208289.33215627668,-87.0384672278042,574.1777190277177,56.40571243118008,579.1550311262677,85.97667729945101,576.0690637931498,60.02567547011814,0.021198270330850692,1,2
3.5,24.438910710206162,208985.16812506947,75.47543416325455,208528.948431307,135.27528737502368,208075.7019265833,-124.4207484472471,573.6009192432732,72.89030847227683,575.9303331914657,140.64896682357764,572.0691982855931,60.02667857131035,0.020944992828632436,1,2
3.5333333333,-149.0840116296914,210037.716629525,116.27948027670328,209343.34445100365,-147.38893221127992,207720.07353694862,28.156591194520445,575.2385809294587,-103.91501044369228,570.7745220499648,-93.37530459828005,571.4692709222306,60.029345059982944,0.023538667755014064,1,2
3.5666666667,51.72287887986221,207472.7173746155,-26.615330752114307,207195.79484363535,30.230948884475886,208893.7597829244,-105.51765393093764,578.9360113027859,-176.4312286282851,573.7729882842921,90.12297419198725,570.962541403965,60.02983969616935,0.02865384658165491,1,2
3.6,-73.84679636650584,208715.74968887193,-152.2565228368153,208799.8060746901,71.35094990209943,208329.88177785926,-39.12751719032684,578.6364381218057,-128.0192141497536,578.7312103784427,-11.01316902366024,574.658288517918,60.02502580275895,0.01800847435989291,1,2
3.6333333333,22.761600276057962,207274.54179694635,-102.99734184103625,206555.55417475055,84.65179157974048,209003.99912821376,-87.71919224996233,579.6121540442572,64.33081370802248,577.1852785326172,-96.67157376476915,575.8597859447977,60.02828020986613,0.012773576015231044,1,2
3.6666666667,-54.05095393985785,206258.5081472851,-82.7971923376107,208643.26622301218,179.83314842775204,208977.37953576792,-16.254708340582944,574.9952009670774,28.118216175171554,575.9193394988139,90.07371405904347,575.7890070775699,60.028712167512886,0.014859302023783032,1,2
3.7,-30.253700924941906,209881.12561740694,109.3728542071424,207828.88403376326,-34.70681821510021,209632.7782087295,-115.38154625133286,576.8769372432888,45.42365559890257,574.1338499967422,155.48522289336876,574.7990268939421,60.02973495046516,0.021530610393095697,1,2
3.7333333333,-92.22609610360473,206689.06105399117,136.81678534030667,209546.3577631407,-23.51499816856246,209034.64296936276,50.0486899893439,574.794084832733,102.50253081619682,572.9998549383104,120.73293680676028,573.7225362971351,60.028565520343896,0.019513103173124664,1,2
3.7666666667,200.91062507899255,209708.62877345734,-0.2670166582332092,209549.0134220676,-203.39582231907482,205507.24317298533,-119.81573092907013,578.0622810461456,-105.3959728792565,578.7003394878521,89.80190316827209,573.6897836880713,60.02855759631523,0.01566682895754906,1,2
3.8,34.61047358272234,207371.72047182088,115.66522765072173,208024.056026234,-192.1787516461169,209076.4236371386,8.664341045806653,579.0702736222112,-41.4152416401424,575.0370925971936,-259.7628793873589,574.770330807071,60.031811627341376,0.015851707889134502,1,2
3.8333333333,-63.458609103665644,209554.0638031875,215.56057802214022,207098.01104144237,123.88442437291043,211402.88410332982,80.51203323586329,582.2328892717866,-22.195229012117235,572.4894717977958,-65.17870622957346,575.83463343578,60.03229324388989,0.002556705755067522,1,2
3.8666666667,6.725276870230243,208987.3354326353,86.06304538035228,208675.62546375004,-235.3313396234928,209350.76544005593,-118.5270925334626,581.5578020567925,-126.9430948964212,577.6443540240929,6.862432672277963,577.7055572571318,60.032164244653536,0.01699670267142261,1,2
3.9,-57.7071709646951,207397.35181866874,-61.798001486122885,208364.75800788295,-74.00945204716417,209309.64133595227,20.365351095408457,579.0307069404008,52.40413094971604,569.7803718777894,-14.337811376455825,575.0906506442791,60.032896477538806,0.017849405523559153,1,2
3.9333333333,-138.10815707700726,207221.47752197654,32.866233567800286,208115.4257503557,-0.8617103566097959,208473.988357681,-74.70465436912022,571.9133770849336,25.28807601190901,572.5228042840458,-61.117212160869016,580.1729638714222,60.03203389717383,0.0007685855684837692,1,2
3.9666666667,0.6591311004249133,208375.7908340078,1.8020500344241217,208997.28326870227,6.131946592412783,208483.46732201442,3.8092122631063248,575.8363088158434,-1.7222396678740917,576.8737859935791,-62.16402184578453,573.3285596928291,60.032319185148495,0.008520618162794473,1,2
4.0,109.72017643938263,207926.50085394055,-58.028650928297594,208703.30851656554,178.60783414823317,208438.80822590014,36.85460305905977,575.5229572375997,-46.535513644566485,574.3241467245856,87.1870268566204,576.5194320355488,60.032316541590774,0.012423933077115588,1,2
4.0333333333,62.05674310588983,207479.76100351705,-126.00502109024146,209044.6692447609,-86.21685028165986,207568.64730328842,-87.74277085122745,575.2603819558979,208.87516873012618,575.2332485712582,-130.75609315562303,571.9815105565754,60.030019934223,0.0030829976807701023,1,2
4.0666666667,-121.03868797356716,209084.12242100693,48.517083919225,206649.3712652382,-23.9664995383293,207575.7765593173,-76.71013628532907,577.4753922372038,173.08039158717756,577.5033954371979,155.71633652872063,581.712992936221,60.03363681857427,0.009754101046899489,1,2
4.1,-107.45060312091653,206765.84995191896,147.4443058012281,209715.1822095608,-179.32023416095095,207631.9491288892,-72.42701264134844,578.3800634957289,-44.31817475973191,578.0434483749974,-52.287522893571705,579.8730997415155,60.03564121710089,0.013638148238699167,1,2
4.1333333333,76.04364740127863,207938.74434061852,-30.187182547917484,209005.25015846748,-68.32459828852976,209882.74954670813,87.72551075483541,577.8997034613897,207.6691588318498,576.1707523279235,-74.22770799300369,575.8642141907939,60.037178086018926,0.006587969847693721,1,2
4.1666666667,-118.10070671715322,211162.4657023846,-68.85450297522281,209549.45954878145,-43.16015594807446,209504.52627305718,95.34315586167665,575.1808099360542,79.82016186966689,576.1630857326127,-27.479207439322256,576.601060724113,60.03530419716312,0.013074880914267735,1,2
4.2,101.77790095132399,206005.9222605845,-20.13926484844996,208309.53654575092,-130.94761745174293,208760.6392330617,87.44841215222247,580.3524855415934,57.14499676729724,575.3495773438591,-75.17613482758667,579.5812100885604,60.036369532267095,0.005930107413242724,1,2
4.2333333333,-280.6209573056841,209203.5567719014,35.24807936046344,207713.7829382802,-200.04977330995402,207429.24911990983,109.77046223701186,575.4992489084706,5.517651609261205,578.8494865452371,-68.72306263793871,576.1150222022651,60.03471140029356,0.005249428993928891,1,2
4.2666666667,-221.11652578210575,207694.49820962962,-6.115850553199808,208848.25354277086,-0.7198629557931306,209873.65211197952,-219.35817358096972,579.741279557729,133.4992144969625,575.6237863847422,-143.78275514018037,575.9068392185046,60.02992632218999,0.009157324847306294,1,2
4.3,-2.169964756048566,209863.6369344979,153.91074119813,208201.8842712627,81.26990475878033,207456.3129469526,12.263099918898783,575.2879592703355,79.44685694697817,573.725880992838,-125.3282617444704,571.6111932043426,60.03782111658096,0.011879338348273514,1,2
4.3333333333,94.17686154799986,208560.7404447988,104.06404270637444,209261.59998258797,12.66358413831061,209858.9294955976,13.833624361640664,578.0065713804478,57.96972185868762,574.3650899806797,-78.26650171104409,576.477350048148,60.03589227600054,0.012169385477295694,1,2
4.3666666667,-102.27727536272695,210002.64553317378,49.91826648859001,209180.12490839107,167.0794633655538,208366.51608312377,-58.52626589962291,575.9396399194736,-49.684427959821214,575.8018038499708,13.043135107218003,582.0733933797513,60.03128288646705,0.01435321122931807,1,2
4.4,-92.86177910328222,208432.89968149312,96.31754552963545,209112.61981670273,-81.99506794273938,208047.36155510854,164.76632737179133,577.9257262997738,-68.41212700679002,575.3303899070053,-73.86196625869228,573.941923268797,60.032335828002644,0.004326370181018955,1,2
4.4333333333,33.209645415979786,208464.0693538926,112.8343563231008,207979.37038637282,225.19942365902693,208005.10337485766,-213.14231151693954,571.7052943978366,-108.37417140686439,571.6285674223614,-43.42846869577491,573.9343764356454,60.038297433654,-0.006674014999330012,1,2
4.4666666667,76.84310834586938,207118.8080179892,77.1952358141756,209873.90105124886,-3.4853298219528335,209272.12131055587,5.312287563409171,575.6887328133243,-113.7444592246771,573.6299766340982,37.41140193592416,574.6210353217419,60.03679561593863,0.003141853184723441,1,2
4.5,-152.21781870081307,209280.6517906895,-1.3305157427443586,209484.18871725327,70.70311322577408,209172.03735057777,11.159397261718164,572.4644995319596,78.50933318821912,579.8218702628405,-12.485080097779406,572.1316533407318,60.03823567330829,0.005738303168358619,1,2
4.5333333333,2.5079807496270283,210315.33344044184,63.98164310752292,207883.80990427962,-140.26010306134836,207121.37562962648,18.630716587448163,571.0772648187126,40.773798030776504,573.8710113580908,101.5226409828566,572.9086125676429,60.03773508574248,0.014169048813861442,1,2
4.5666666667,10.587392085653711,209542.3240464365,32.80037609800349,207655.13472055548,-18.847634666360722,209666.92656873955,-76.38010301646639,578.450895427144,-86.34534144478272,572.916768464214,22.486039949286422,574.3022578980266,60.03926776678201,0.0046872910958914715,1,2
4.6,85.49590927939516,207128.98272109416,89.28816443517542,207449.50234726295,7.141498463415731,208939.57903122343,-179.24835685604882,576.0051841693773,-43.93830514983971,575.6443626097546,128.27517164168944,571.4111396891859,60.03841847748005,-0.00737643451381873,1,2
4.6333333333,-79.7228052510486,207986.9841907088,-163.2358621858031,207418.83728675946,-73.96630104290627,207726.1913314173,-72.04683350444323,572.3536533990178,-19.10900407341731,573.5045095396842,57.615644650561435,574.3549022787337,60.041422931185544,0.005734669666273612,1,2
4.6666666667,74.20727854462648,209805.66103785986,-41.370314341335565,207820.7955184828,89.09903193679789,208200.49567849192,-27.09087560455238,575.4125994303897,99.15647393903144,570.7872093069135,19.47418483637506,579.7329280144621,60.035433142312804,0.0016096347522769417,1,2
4.7,142.43300479824774,210102.6373108105,23.75384166295853,207439.76963152818,-47.407434991287154,207023.41788116933,-134.2575469646885,574.0853614667449,125.60572205328558,576.5150013828672,-63.769950744044664,572.1177201746782,60.03364284743037,0.0010855673781523024,1,2
4.7333333333,68.81694881395997,208076.54623404678,46.44150224594391,208055.58356131692,143.7304920066687,207810.6717385985,-53.21030418832019,574.0121329084358,-52.38776424069662,577.9506811406906,-111.47406402292454,574.2892471152911,60.03757564666588,0.007882560660969408,1,2
4.7666666667,-99.33766753410754,208307.16786428355,86.96429702801267,206516.06961205188,-24.201507487618862,209065.77369340794,64.12213568828084,577.1803784491249,14.076893759541743,576.5216403993953,44.24885621735959,577.3391654429688,60.03870552763038,0.003911488251183221,1,2
4.8,7.186384523407318,208475.33979556995,-18.394088981612306,208870.67271964796,172.9879748628622,209616.11080046295,-20.73281447181599,573.6436563180425,15.363302192390098,573.6156705728379,-116.98011985043708,577.9766195851398,60.0381599522665,0.007397240088575667,1,2
4.8333333333,-151.6319928765419,206327.11025590834,183.6189048727126,208511.26289470808,-133.63535963299026,207397.49194071104,-78.50854392270665,575.5126740107842,170.37792162037942,574.5839234832735,-101.72056469207205,575.2237362679709,60.039583842617574,0.008292129335043454,1,2
4.8666666667,36.108335502775915,208506.1463606141,-123.92036203612463,209500.7537630853,102.25455851095063,210253.62702853009,70.01860385510275,578.4563635198597,-69.33771807208628,581.7996347772313,-30.97537329190374,577.359947841314,60.03852942108271,0.0013336848665117364,1,2
4.9,-9.39836422698846,208261.3354351824,-27.827809209967594,208776.58746687515,-1.7935093063574934,208468.78014155952,113.4341908102147,571.121319798509,-47.14150397031736,575.1083372116042,70.45870403875901,573.3460409477699,60.039710620679344,-0.0062545316912040565,1,2
4.9333333333,-93.74679124947225,206845.41443214568,42.25981479462123,209374.3787572208,44.24555342487455,208227.36106675383,124.19567188848197,578.162745131217,44.079916206132275,577.0686214067207,149.94381278990002,575.715855503843,60.04140616742977,0.0022948583232378764,1,2
4.9666666667,-40.98685767474617,208518.49675969896,26.83275941731191,208335.61777792164,8.273455052403472,208410.33463732136,-114.48982461099058,574.3499378502182,-116.3149715327208,574.8572342281284,-63.528876524199745,570.4171543676889,60.038425812178914,0.001787276794078372,1,2
5.0,15.306303292322172,208210.62236583242,-52.73692575957665,208875.7593760937,-145.19666532211363,208523.31212115445,-108.12749653354781,572.5119278906753,68.47291018697075,572.5746109754367,107.46703742808795,574.3113596127235,60.04042381781838,0.001406979395400234,1,2
5.0333333333,-38.05793167974603,207920.78571174273,106.06812483086134,208601.0678692272,89.54322064036498,208999.38524371298,-100.62420500604543,578.4954542180036,-106.90922675544687,577.6101989731691,-2.7032925891848993,575.8132069969527,60.038253983170115,-0.00122122244753516,1,2
5.0666666667,14.027845948051974,208112.46583830164,44.37218246268805,208592.434345992,107.68004709961738,208479.1513846278,89.59246660675686,573.5443998741409,-57.853903338982335,572.9137202747071,-130.36675305756415,574.831776431794,60.04213319687035,0.001660811237849718,1,2
5.1,-42.42977254688776,207338.74249428447,94.93708926933115,209097.89216834097,-35.08735145232493,208518.75341749302,144.21193368612114,574.8331113554711,-50.218398732998814,580.5487085064981,-20.151514034672875,577.0197591953694,60.041751373995844,-0.0016629947654716107,1,2
5.1333333333,4.375402947407264,208119.80350890104,68.27402023994308,209209.72503201634,62.80688292366223,208701.28965703343,-171.0719342221582,575.1164709748998,37.44280179739307,577.9050354666657,120.44929864821617,573.794374341751,60.04210533717759,0.00616883332930422,1,2
5.1666666667,-50.33447235188317,210596.9026094251,49.1557492220887,207812.7410171651,125.2967169300938,209941.97034727564,-89.73905700246769,577.4521329319668,55.57433612916808,577.4711256015754,1.5189909756102962,573.9990528265511,60.04046403576384,-0.004573468262742843,1,2
5.2,32.64948312158868,208321.11935909314,51.374696728052236,208618.29448529184,96.77138269267161,208138.88201663707,104.47778450955767,573.1295436120245,78.67252446869662,577.3446954888533,31.74747499142686,573.9636453411773,60.03911562066173,0.004774282407584646,1,2
5.2333333333,-99.61149259280946,207812.97778092395,-125.40672787703551,209337.3393842379,-54.243531262497534,209306.34361957034,-27.43075043852265,575.4569039280327,-57.614339287314486,576.714461616373,-155.4811897669654,573.8937582386068,60.044212751441336,0.00013617632358252406,1,2
5.2666666667,-87.6214910220923,207984.1249579115,-102.4846743551453,209995.10296868786,29.752388917850222,207367.38301902643,115.58310623811967,576.2174056543847,29.910221346389662,579.2051640612663,21.037062374428555,570.6124205748168,60.04188722085959,0.003752988923199658,1,2
5.3,-60.38002062201535,210480.16043919828,-44.31888338216247,209243.9322418826,-18.677963703719154,208493.18318244332,229.6422949108675,575.6340652338959,-56.059258915516466,573.6412878813215,-98.52998584390373,571.8274918474431,60.04146108364326,0.006588223250307187,1,2
5.3333333333,-45.39511886428714,208481.3909118866,-155.39710661745985,207613.55230911754,108.5393262381331,208320.25425507288,179.10828731825762,576.096342785497,-91.86862067874178,571.0373947791203,113.06216185669584,573.4545194206922,60.039029964465314,-0.0009155076450144866,1,2
5.3666666667,-72.00105447243199,208235.05585976192,-64.3082496838505,208887.14002099336,73.99302371253494,208069.28637014973,-180.9509116626002,577.0277763519731,-81.43456677091442,576.6089409798203,-1.2654532892384198,581.057858346891,60.04332186210719,0.0014497847573790284,1,2
5.4,-39.629778141140385,207564.61678395476,102.63011724490036,208005.74569230602,-206.0372926276338,207549.8357652707,-15.761563589803734,574.0524049829577,-103.05677583067822,574.0166321327822,-125.15051179933191,574.6951075404717,60.036432544966075,0.004762538569891769,1,2
5.4333333333,54.507239304872606,208955.56896168517,93.87129730041492,208394.03815532863,131.45587788763865,208924.18790790997,-87.65782738247388,563.8841177889495,71.15673509077803,573.8774624616993,4.716135897995869,572.3011749348493,60.04269860498133,-0.00020701663765556764,1,2
5.4666666667,92.16357313487225,207924.64207834602,90.55701863078875,209725.1369276477,126.81322836993468,210158.07476563714,11.508146410856648,579.572669783519,333.7854767073667,578.6305287307155,24.57811208572212,571.8737227748379,60.043202618230026,0.0006180351276812697,1,2
5.5,45.739096594519914,210854.2041617655,123.72632947188005,208483.70441679552,-12.836373643532072,208713.29888513582,-54.09883016009477,576.5626464517882,42.03532029770397,575.7263131451518,98.32353348343628,568.6164383451736,60.04247340163033,0.006271672669460544,1,2
5.5333333333,144.82533975664367,207371.8395506215,-140.26546293790096,209623.77709527803,27.467743106851625,208369.9857487531,41.30588984073258,574.33416627293,-20.10468666789634,568.7468871381996,12.009949787797787,571.186110234001,60.04294349602201,-0.008255917455854004,1,2
5.5666666667,93.4793116186857,208746.26437854636,-67.36737793578155,208552.06151168383,-21.271120699306962,209234.06113926947,145.7276941815115,575.1320224975959,-157.48820260899217,577.1286153429004,-68.93187620939185,571.8704758565545,60.0385117735787,-0.002060404832211654,1,2
5.6,-134.73805777888387,207722.3297641336,43.98252529226264,208201.33142282921,-53.70870125887092,209270.9098374698,50.06746290151741,574.9960243844813,-62.86172049129549,574.9603650545228,-136.65997063221783,576.9920060533765,60.04303964698025,0.0015255168666827793,1,2
5.6333333333,-29.372543715974725,206701.43048841425,85.20326446290765,205322.81773838575,30.54832437128327,208013.59951030102,-46.012672663348674,575.799448898913,59.61693241374344,574.8973306976526,31.53784548328457,576.4311048727106,60.04443846077869,-0.006135836735839593,1,2
5.6666666667,-270.12125356918995,208824.19933539833,14.034453316027445,208362.50671873006,128.55963566920056,207393.6458414653,-0.6454445918007803,574.351644060342,-28.226112887174843,576.4897135055062,-121.74582685793317,569.6435249913627,60.04226038109162,-0.0036209521601200233,1,2
5.7,-166.87398092279432,208953.3113250958,9.450919811019455,210201.25498779767,10.835118841983752,207859.918648415,-7.04434426608632,572.631811081659,-80.55559935897557,575.1336119089829,-30.521857512032636,570.6415043404204,60.03761627957706,-0.0028796202225324346,1,2
5.7333333333,-85.65096832254514,209501.08260995094,-174.26508164688147,208117.56621889645,88.88186370082495,208471.0067030638,-118.50531089298751,577.8152593612984,159.91004072336557,570.6674572112936,55.13230385247364,575.731643617935,60.03821943700523,-0.0010449502158413242,1,2
5.7666666667,15.545350756161454,209653.9418829123,-13.358407408375632,209001.88992098207,140.05345294838395,207162.86494283084,18.148365719354075,572.2559821643785,-133.8856625624306,568.6238611670834,-139.72952492344794,571.4497297928042,60.03869626630996,-0.00015612349381717528,1,2
5.8,120.42475267623539,208898.66485411514,-9.413271722137159,209086.488855917,18.2447625556787,209750.1408005935,-56.55249617359551,579.591038029403,-88.59212554515273,574.045533688543,-69.12399845372259,574.5557872883136,60.0429259755358,0.0006574998237914406,1,2
5.8333333333,237.49377321177812,207991.0678506314,-177.31880841830025,209447.53251976433,1.081413590809135,206888.29964026852,-60.29327570475364,575.4246918957382,50.69098988481709,576.7342663779865,-101.98440734372748,572.938358313272,60.041701358490215,0.0038671877334838364,1,2
5.8666666667,-42.30262155648521,207582.1312709789,-61.6076290160576,208708.20897742888,-174.4182308175976,207796.71869024294,-62.89608606406543,571.0610700440222,329.32025401470173,577.4704029602475,110.26601987398273,575.0675656067373,60.03858100120653,0.004305482879820188,1,2
5.9,117.24645942161784,209101.359725896,-146.65753042112632,208001.57101412976,-41.561315467236945,209248.29857456923,-30.737793436681983,574.7899502938358,-76.66582598656154,570.7705350105176,24.938558172554032,577.6562423424949,60.043320773994324,0.0005511649409116375,1,2
5.9333333333,-22.509266364354904,208933.56128828204,16.285130845440875,208085.34375672654,29.538836718599985,208100.44177865025,26.20911615608336,579.5824901452548,114.5867914852715,583.1210399364742,-60.4045486410666,576.641794128122,60.04232633846816,0.006498871738504639,1,2
5.9666666667,-9.270537222822716,208436.1069968353,-67.26259837018988,209377.4040148983,-1.876083836283155,208069.66436015515,58.17102956973343,575.4893584446864,139.2774897629232,573.5285972793263,-25.24831300077472,576.6304384142321,60.04437738385196,0.0021076309761542,1,2
