TIMESTAMP,BUS20_VA_ANG,BUS20_VA_MAG,BUS20_VB_ANG,BUS20_VB_MAG,BUS20_VC_ANG,BUS20_VC_MAG,BUS20_IA_ANG,BUS20_IA_MAG,BUS20_IB_ANG,BUS20_IB_MAG,BUS20_IC_ANG,BUS20_IC_MAG,BUS20_Freq,BUS20_ROCOF,DATA_PRESENT,Event
0.000000,-58.227602,203882.440611,-178.434243,204866.571531,61.522014,202521.895355,99.691344,610.451085,-20.642664,612.630127,-140.485649,605.346919,59.937749,0.008778,1,0
0.033000,-58.344078,204773.956705,-178.425417,203364.967466,61.678702,204246.967384,99.302644,600.046766,-20.866443,605.352359,-140.130640,605.379525,59.944332,-0.003042,1,0
0.067000,-58.521693,204505.573566,-178.403534,201580.809858,61.605164,203955.663270,99.353402,603.680437,-20.086750,605.200381,-140.381579,608.347092,59.945789,0.000644,1,0
0.100000,-58.619118,202986.671645,-178.399826,203732.265141,61.588148,204584.455744,99.445181,601.041097,-20.548679,608.882822,-140.176434,609.651791,59.938530,-0.012779,1,0
0.133000,-58.400156,204727.100709,-178.445353,203913.995432,61.486941,203979.425092,99.626993,602.513031,-20.184634,605.040632,-140.595728,604.341847,59.944478,-0.001878,1,0
0.167000,-58.505719,204931.568609,-178.193854,202753.560756,61.783428,202603.500584,99.535157,597.579206,-20.472350,597.060195,-140.534609,601.884237,59.943369,0.004536,1,0
0.200000,-58.375156,201962.632368,-178.245076,204164.613500,61.606833,202390.298105,99.727245,601.808184,-20.208477,600.206893,-140.922346,602.317337,59.940410,0.002206,1,0
0.233000,-58.257843,203655.459776,-178.192323,203525.578326,61.350362,203934.223301,100.079002,599.677189,-20.170887,602.676657,-140.341604,600.703994,59.949745,-0.006083,1,0
0.267000,-58.413882,205202.334652,-178.300945,204652.387154,61.677525,205049.940718,99.430140,604.556899,-20.337483,595.246584,-140.166092,601.670795,59.943858,0.009637,1,0
0.300000,-58.160260,204655.046691,-178.380241,203076.971655,61.480018,205142.918361,99.546938,597.523977,-20.221060,597.416513,-140.372432,596.676030,59.949509,-0.000595,1,0
0.333000,-58.298959,204210.780316,-178.326035,205099.071849,61.656592,204853.217098,99.865830,597.284679,-20.253558,597.863766,-140.383175,601.690980,59.939755,-0.011589,1,0
0.367000,-58.283669,204078.680904,-178.334857,202918.577834,61.809534,204317.956260,99.712530,597.620741,-20.493693,593.788122,-140.308750,600.857621,59.944629,-0.003637,1,0
0.400000,-58.278160,203612.399027,-178.325896,203945.784218,61.718357,204156.913337,99.629919,593.530859,-20.326221,589.667282,-140.187983,594.392960,59.947790,0.013932,1,0
0.433000,-58.340613,204052.957787,-178.305978,204017.275952,61.676014,203351.918639,99.651343,598.430109,-20.015097,599.173729,-140.794533,590.153018,59.945787,0.000450,1,0
0.467000,-58.186407,203817.409447,-178.409869,203857.303147,61.702037,205197.814573,99.652297,593.683294,-20.492740,594.536861,-140.102099,596.983354,59.946303,-0.011342,1,0
0.500000,-58.196371,204265.845609,-178.267272,205489.526509,61.546354,201883.827730,99.922654,596.513460,-20.287586,593.896585,-140.129268,591.406656,59.939739,0.002116,1,0
0.533000,-58.190808,203241.021969,-178.366372,204273.120426,61.589753,204996.341018,99.960063,598.297182,-20.076236,591.236762,-140.571202,594.253890,59.934756,-0.004828,1,0
0.567000,-58.254380,204085.231142,-178.457775,204354.253977,61.703090,202753.318507,99.656707,596.811093,-20.589143,592.790684,-140.331618,596.497990,59.940625,-0.010617,1,0
0.600000,-58.385033,206054.900741,-178.518051,204754.592073,61.833264,201884.339251,99.652876,598.915542,-20.769708,602.010539,-140.128583,601.830598,59.941863,-0.019280,1,0
0.633000,-58.347573,203808.853443,-178.203366,202948.025165,61.715576,204988.366555,99.648482,597.868166,-20.132739,601.679551,-140.355823,603.688581,59.942606,-0.003549,1,0
0.667000,-58.261028,203227.119137,-178.320365,203963.848687,61.726607,204919.849600,99.636808,598.344387,-20.191094,593.887127,-140.527117,607.261802,59.946577,0.003089,1,0
0.700000,-58.300162,203618.579555,-178.386362,204471.159559,61.428244,204308.981865,99.631610,595.461483,-20.195743,595.184224,-140.639043,600.923591,59.940738,-0.004431,1,0
0.733000,-58.584277,203389.075827,-178.285949,205575.426907,61.602461,205149.396555,99.393760,603.133309,-20.179792,600.844237,-140.543521,602.607939,59.943618,-0.013978,1,0
0.767000,-58.472769,204207.468494,-178.209030,204656.246122,61.721542,205259.830647,99.625661,593.251717,-20.105814,599.844438,-139.841113,606.921446,59.941647,0.002354,1,0
0.800000,-58.341570,203811.308580,-178.152338,204140.561984,61.846575,204985.898588,99.945504,604.344077,-19.883568,595.563925,-140.102696,605.006580,59.943873,0.000007,1,0
0.833000,-58.243461,203542.396138,-178.395096,202843.683586,61.769842,202843.449732,99.822135,596.834416,-20.364738,603.024152,-140.165189,600.201137,59.948656,0.002545,1,0
0.867000,-58.249758,203699.468579,-178.330110,205120.284889,61.649904,203368.429423,99.565661,600.698341,-20.308937,603.878603,-140.126976,598.750830,59.952175,-0.005395,1,0
0.900000,-58.098079,204056.614963,-178.302658,204229.081778,61.641578,205483.894378,99.962284,603.213299,-20.255130,596.827816,-140.058527,594.446367,59.949885,-0.009436,1,0
0.933000,-58.280363,203446.528664,-178.326356,203564.938640,61.565938,205055.468862,99.749811,601.230779,-20.239868,599.203816,-140.379599,599.370865,59.945086,-0.004032,1,0
0.967000,-58.372486,203004.410848,-178.097959,202558.243458,61.612070,205429.700874,99.708800,602.253747,-19.986680,600.141729,-140.626610,599.735193,59.944672,-0.000868,1,0
1.000000,-58.332317,203453.895740,-178.377018,205292.063200,61.667938,205033.513879,99.456731,604.571147,-20.211349,598.564451,-140.351826,605.055226,59.949879,-0.003311,1,0
1.033000,-58.215272,204877.638132,-178.442639,204927.692629,61.494978,204677.557572,99.630758,602.762306,-20.403587,597.837739,-140.241899,595.638702,59.946954,-0.001577,1,0
1.067000,-58.204795,204154.092734,-178.520972,204330.132153,61.432427,203620.316619,99.818156,599.616685,-20.193487,597.241767,-140.615110,600.229286,59.945125,0.007578,1,0
1.100000,-58.566193,205677.164887,-178.412031,204798.738737,61.789081,202854.155639,99.481150,602.454037,-20.256621,595.278284,-140.107077,599.504986,59.952085,-0.014819,1,0
1.133000,-58.551851,204699.573196,-178.453233,205034.144731,61.510605,205505.520132,99.209551,605.497351,-20.277438,604.835471,-140.468729,601.068455,59.950840,-0.000584,1,0
1.167000,-58.629354,205439.041913,-178.524091,205140.657557,61.456026,205371.871263,99.144506,604.915954,-20.537638,603.366477,-140.698097,600.655326,59.951783,-0.001826,1,0
1.200000,-58.468579,204219.552969,-178.601628,205455.569978,61.487955,204008.583912,99.598329,599.509398,-20.623294,600.789413,-140.159028,599.150866,59.949572,0.001488,1,0
1.233000,-58.486982,203921.103792,-178.484844,203660.263671,61.337488,203914.247113,99.361493,602.237400,-20.522390,602.727186,-140.697891,603.466423,59.950411,-0.005721,1,0
1.267000,-58.604781,205357.201145,-178.532949,205951.946287,61.492681,205599.923438,99.301472,609.721430,-20.621397,606.658611,-140.537074,606.899167,59.958861,-0.007318,1,0
1.300000,-58.585032,203394.058414,-178.573231,204442.946392,61.297060,204008.816572,99.467533,602.194858,-20.476031,606.475333,-140.412311,603.246675,59.950627,0.008666,1,0
1.333000,-58.533036,205174.504614,-178.574873,203755.242075,61.407295,204469.315041,99.222199,602.125457,-20.502210,603.776281,-140.247955,608.671715,59.958588,-0.005146,1,0
1.367000,-58.700105,204614.025720,-178.563748,204956.160011,61.520288,205744.275018,99.140170,601.543174,-20.553285,605.337674,-140.534289,610.454970,59.961675,-0.006559,1,0
1.400000,-58.496400,205120.522866,-178.617725,205337.774136,61.470863,203029.151215,99.692378,612.123294,-20.224062,604.644505,-140.781953,604.551240,59.962402,0.007641,1,0
1.433000,-58.528862,205471.381571,-178.662282,204084.092399,61.381957,205096.400697,99.243011,610.315931,-20.798189,601.560833,-140.301605,606.003767,59.956726,-0.006031,1,0
1.467000,-58.667261,203768.694930,-178.816847,204278.759467,61.387729,204196.781694,99.288157,611.730290,-20.794205,617.738109,-140.386660,609.771017,59.957840,0.003069,1,0
1.500000,-58.559266,204591.536433,-178.899589,203861.226181,61.398412,205330.254408,99.383843,613.742207,-20.612009,609.205314,-140.802869,607.081060,59.963098,-0.010512,1,0
1.533000,-58.458718,205030.600643,-178.461986,205143.895881,61.310878,203873.686775,99.633017,610.577994,-19.969680,613.124179,-140.761867,614.274082,59.958297,0.006838,1,0
1.567000,-58.746984,201878.353508,-178.596909,205257.123624,61.350464,203460.158892,99.127723,605.179368,-20.447259,609.780755,-140.768756,611.505085,59.961488,-0.001954,1,0
1.600000,-58.707281,204931.410805,-178.670944,203729.816812,61.345241,204622.381367,99.160668,609.620647,-20.653868,609.461645,-140.553399,608.171505,59.964956,-0.007326,1,0
1.633000,-58.649469,204762.878662,-178.695104,203565.556422,61.442829,203939.510126,99.391659,607.645833,-20.771385,603.548212,-140.428863,605.962203,59.957860,-0.001569,1,0
1.667000,-58.608648,203952.120073,-178.763374,204468.974974,61.386657,202546.281966,99.457144,610.625022,-20.830212,609.817841,-140.434797,607.076233,59.955572,0.010323,1,0
1.700000,-58.512800,203672.685730,-178.538750,202832.752584,61.300405,204358.705641,99.691353,613.507854,-20.450132,611.827274,-140.903592,608.060910,59.948306,0.001277,1,0
1.733000,-58.703134,205249.946973,-178.482032,205970.971523,61.562403,204316.482389,99.291622,609.383210,-20.600029,612.668427,-140.267467,610.559623,59.951099,0.001930,1,0
1.767000,-58.514615,203159.342299,-178.666357,205848.080700,61.315525,205892.637419,99.669621,610.134838,-20.454752,616.376924,-140.553564,615.632258,59.961188,0.000580,1,0
1.800000,-58.474726,204125.436045,-178.512215,205491.166435,61.479176,204777.100050,99.525823,616.246824,-20.743763,612.864707,-140.386760,613.798622,59.958546,0.012674,1,0
1.833000,-58.663776,204876.661376,-178.608957,204972.611107,61.362676,204270.888855,99.370236,615.060470,-20.516456,620.749901,-140.740809,610.829887,59.966158,-0.004986,1,0
1.867000,-58.549502,205255.490219,-178.359363,205950.490035,61.387437,205275.119109,99.276055,612.357406,-20.358295,618.297235,-140.481622,613.002101,59.950275,-0.013927,1,0
1.900000,-58.552039,203936.771650,-178.620873,205508.177155,61.454072,205400.254615,99.412563,618.460897,-20.720069,620.709433,-140.773183,614.326240,59.955929,0.002914,1,0
1.933000,-58.748597,205492.906483,-178.514141,203012.707801,61.278808,206181.199660,99.182002,623.504225,-20.489868,621.795354,-140.706777,612.162547,59.954904,0.002264,1,0
1.967000,-58.541629,205391.492499,-178.603997,203931.119271,61.467905,206608.926302,99.143635,623.279488,-20.503435,624.874174,-140.843812,619.428165,59.954595,0.000064,1,0
2.000000,-58.724783,204882.893652,-178.476719,205600.599087,61.345124,204783.984513,99.438235,620.307891,-20.632499,624.875220,-140.907364,616.555112,59.957285,-0.005321,1,0
2.033000,-58.570621,206346.553200,-178.671374,204502.702284,61.528480,204500.894272,99.459314,621.765291,-20.775194,627.610364,-140.763161,617.047953,59.951591,-0.016887,1,0
2.067000,-58.603477,204340.772848,-178.542262,203486.067423,61.313263,202622.177377,99.237451,615.621897,-20.527181,614.540347,-140.732673,616.109567,59.960190,-0.004728,1,0
2.100000,-58.725904,205152.363799,-178.560028,203972.791748,61.310122,204967.493706,99.299258,616.511801,-20.375513,626.391691,-140.979238,615.799558,59.955926,0.012304,1,0
2.133000,-58.464623,205504.807166,-178.350315,203809.394578,61.446221,205980.650110,99.591007,622.956258,-20.119295,621.068092,-140.587699,614.227995,59.958125,-0.018679,1,0
2.167000,-58.726498,204754.150851,-178.597670,202562.908443,61.420493,203914.925491,99.163066,617.815718,-20.919974,624.404404,-140.658486,616.381074,59.960311,-0.002356,1,0
2.200000,-58.610353,204849.045015,-178.651675,204872.547494,61.310972,205884.110247,99.352670,623.153275,-20.473609,621.669851,-140.605514,619.276526,59.959371,-0.008711,1,0
2.233000,-58.798618,205265.231991,-178.595972,204851.040411,61.453419,204166.779524,99.291337,614.274836,-20.247625,611.469223,-140.598192,614.841307,59.959509,0.001453,1,0
2.267000,-58.560257,206102.940008,-178.808846,203932.043556,61.391865,203573.871337,99.156119,620.169468,-20.746242,617.120788,-140.578154,618.447245,59.965229,-0.005445,1,0
2.300000,-58.569750,206774.899129,-178.561619,205347.157543,61.551577,204553.676066,99.625220,608.712888,-20.814852,613.556354,-140.559006,617.359646,59.961302,0.000252,1,0
2.333000,-58.553834,204998.176359,-178.741939,204260.598288,61.285568,203025.965310,99.515617,616.630482,-20.541935,617.751387,-140.684488,618.740323,59.960142,-0.003475,1,0
2.367000,-58.755224,204550.772926,-178.545656,203731.428193,61.343660,204421.997823,99.529161,624.495260,-20.600951,623.528189,-140.273118,619.752106,59.956910,0.008830,1,0
2.400000,-58.780161,206084.086289,-178.563220,203374.143790,61.309458,204556.378152,98.977526,618.282658,-20.784038,620.640415,-140.912674,621.085025,59.949774,-0.006822,1,0
2.433000,-58.361761,203651.584279,-178.594406,205178.774048,61.355924,205271.282679,99.701496,620.682411,-20.577174,619.399017,-140.761287,621.856947,59.950661,-0.000100,1,0
2.467000,-58.586953,205182.176635,-178.466794,203850.750465,61.311187,203643.591559,99.122497,621.528144,-20.450986,613.831540,-140.694405,618.448455,59.957824,-0.002872,1,0
2.500000,-58.497799,204563.886068,-178.476433,205496.899167,61.453475,203937.190660,99.361045,614.033286,-20.439528,623.516055,-140.239450,613.225939,59.961017,-0.003388,1,0
2.533000,-58.666190,202913.035199,-178.507949,205633.891189,61.462599,204056.789613,99.434842,623.725008,-20.128890,617.692176,-140.421473,618.028999,59.956267,-0.011084,1,0
2.567000,-58.641679,202863.310417,-178.628269,204745.203469,61.309949,203892.416099,99.081577,616.732303,-20.620700,609.508842,-140.364108,622.293614,59.955162,0.003753,1,0
2.600000,-58.697983,203052.710906,-178.660323,205652.956552,61.342222,204250.929540,99.365637,616.971951,-20.612230,620.002418,-140.687123,623.379619,59.962276,-0.006610,1,0
2.633000,-58.735076,203751.444816,-178.620957,205063.288281,61.427488,203167.755170,99.276275,615.113120,-20.355024,613.400242,-140.920606,617.882452,59.960717,-0.003229,1,0
2.667000,-58.546527,205875.258840,-178.617646,203906.710968,61.295336,204538.564796,99.655984,616.189973,-20.587529,613.306646,-140.905633,616.348396,59.962416,0.006084,1,0
2.700000,-58.645136,204128.009351,-178.503269,205235.140549,61.447355,203617.846726,99.288827,609.259176,-20.373297,615.308298,-140.222723,616.234302,59.961294,0.009578,1,0
2.733000,-58.605009,204012.596817,-178.507678,202479.009407,61.398574,204265.318138,99.527387,615.282749,-20.361760,612.798435,-140.694456,616.815096,59.963951,-0.005988,1,0
2.767000,-58.537583,203893.717871,-178.483723,204825.444469,61.366215,204503.672581,99.452852,613.726802,-20.658959,614.569588,-140.944887,609.884191,59.964346,0.003370,1,0
2.800000,-58.447269,205465.431944,-178.635182,202969.939603,61.338324,206228.755835,99.768089,615.177679,-20.722922,610.778856,-140.378457,611.469721,59.968095,-0.003566,1,0
2.833000,-58.553213,204267.412253,-178.523672,204680.207389,61.483905,202817.702361,99.626348,613.806834,-20.603015,610.344633,-140.720473,600.989609,59.965437,-0.007615,1,0
2.867000,-58.662117,204521.724511,-178.483873,203595.543848,61.568233,203616.625264,99.219360,613.626712,-20.428041,612.483130,-140.403142,608.587421,59.974690,0.006882,1,0
2.900000,-58.683798,204741.211464,-178.572093,204174.981305,61.448654,204608.224637,99.412083,608.404779,-20.832329,614.709011,-140.483166,614.882641,59.969604,0.002106,1,0
2.933000,-58.590192,202355.476415,-178.693078,204923.101291,61.482461,204826.643118,99.303234,622.297748,-20.852149,616.156656,-140.520430,613.984717,59.971767,-0.006820,1,0
2.967000,-58.743075,207088.717013,-178.728588,203554.390775,61.300301,203289.022692,99.105189,617.410736,-20.564545,617.158354,-140.872662,615.763549,59.969236,-0.000825,1,0
3.000000,-58.582576,204868.529692,-178.527146,205223.893663,61.343089,204615.544588,99.511978,610.723877,-20.755637,623.952267,-140.777611,616.241079,59.975560,-0.008657,1,0
3.033000,-58.517257,203603.233479,-178.533734,202627.889055,61.307921,205226.660694,99.503502,620.960463,-20.720083,615.219321,-140.850858,620.055984,59.957161,0.009295,1,0
3.067000,-58.642448,204462.550600,-178.651628,203694.041113,61.340436,202460.263924,99.259960,621.241141,-20.822694,612.125155,-140.943658,615.065877,59.968235,-0.006350,1,0
3.100000,-58.558291,205184.884635,-178.503707,203678.344353,61.473159,202053.058877,99.652461,618.132772,-20.673797,622.483068,-140.685990,619.725565,59.966038,-0.005482,1,0
3.133000,-58.668105,206804.336059,-178.446706,208056.139257,61.380212,204035.075604,98.991404,620.603344,-20.424189,623.328060,-140.608308,617.056474,59.976559,-0.002013,1,0
3.167000,-58.746007,203423.879811,-178.788023,202887.024122,61.314980,204384.845953,99.417907,619.112590,-20.601576,616.906152,-140.728512,621.806553,59.957834,0.004528,1,0
3.200000,-58.685128,204214.555654,-178.581683,203474.155768,61.664633,203930.716558,99.154464,608.020117,-20.809009,615.105246,-140.647785,616.502097,59.967847,-0.007372,1,0
3.233000,-58.526795,205333.459778,-178.616092,203126.789015,61.325521,205099.409812,99.400168,616.794399,-20.762066,612.854509,-140.639759,616.521151,59.963765,0.001671,1,0
3.267000,-58.659704,205523.456723,-178.519141,203550.240504,61.253584,204601.787776,99.439968,620.331129,-20.490189,609.538794,-140.644883,618.448174,59.967732,0.000245,1,0
3.300000,-58.682040,206170.829740,-178.381141,205531.712507,61.515066,204246.392856,99.553819,618.442609,-20.315100,613.133627,-140.479954,607.108276,59.969406,-0.006722,1,0
3.333000,-58.671750,206414.098786,-178.576826,204613.891674,61.244276,205108.092439,99.625270,614.380308,-20.331698,614.289960,-140.396488,620.850757,59.968640,-0.003600,1,0
3.367000,-58.712265,204341.794963,-178.693016,204760.732526,61.384820,204373.151169,99.318835,623.289057,-20.707512,614.650612,-140.281832,614.211228,59.964274,-0.013695,1,0
3.400000,-58.816157,204241.645411,-178.796059,204444.001307,61.204003,204375.531837,99.354070,622.758207,-20.934544,623.460787,-140.938757,618.419459,59.972624,0.006034,1,0
3.433000,-58.689899,204050.674527,-178.586293,205407.811486,61.375282,203553.456574,99.295515,625.823573,-20.647170,626.891713,-140.409592,621.377362,59.967397,0.003416,1,0
3.467000,-58.787947,205166.189634,-178.464594,205311.868908,61.171505,203266.744786,99.331521,624.184066,-20.467177,624.421508,-140.830647,627.744524,59.964358,0.007645,1,0
3.500000,-58.635562,204584.844654,-178.629529,203560.402617,61.429317,205628.305569,99.512144,621.090360,-20.508668,621.729110,-140.879075,621.233678,59.964768,0.003344,1,0
3.533000,-58.654796,205651.036307,-178.525678,204357.164008,61.352942,206177.945513,99.647128,617.229897,-20.009749,624.526625,-140.604781,617.980710,59.965577,0.000605,1,0
3.567000,-58.622837,203884.599516,-178.735972,203462.577354,61.373698,205072.655048,99.350098,616.786953,-20.879906,613.026755,-140.227146,618.290700,59.966555,-0.002032,1,0
3.600000,-58.624530,203399.784192,-178.615772,204693.301045,61.439594,205921.626963,99.366377,619.114630,-20.692972,619.862419,-140.727025,623.149234,59.972302,0.002275,1,0
3.633000,-58.478854,204825.879808,-178.395276,203102.405079,61.301467,206186.807696,99.824293,619.614968,-20.566889,615.591558,-140.673961,619.991419,59.962109,-0.011111,1,0
3.667000,-58.516919,203334.548930,-178.590470,205564.893340,61.343442,205855.721776,99.516318,615.252057,-20.319043,619.172131,-140.592047,611.640326,59.970844,-0.002344,1,0
3.700000,-58.578615,205153.501114,-178.557903,205226.472690,61.416352,204176.486145,99.408628,616.207671,-20.476154,616.738171,-140.358127,621.295804,59.972339,0.003950,1,0
3.733000,-58.550805,204952.888634,-178.540975,202345.999059,61.355794,204319.291666,99.459359,617.937056,-20.553172,618.221566,-140.566270,618.371094,59.965216,0.013910,1,0
3.767000,-58.461508,203910.434310,-178.567772,204093.578447,61.317371,204805.378029,99.417284,610.471267,-20.651478,622.642910,-140.615905,623.000358,59.963662,-0.005385,1,0
3.800000,-58.565291,204633.012520,-178.596546,203508.351316,61.665693,204533.557883,99.540546,618.275635,-20.331701,618.587006,-140.329945,614.108077,59.963786,-0.008244,1,0
3.833000,-58.516419,204726.404223,-178.576124,204787.333710,61.394902,204366.937782,99.134659,612.948229,-20.583678,618.184121,-140.639716,625.353685,59.960441,0.017568,1,0
3.867000,-58.575738,204507.418609,-178.669724,204245.685139,61.402685,203834.634676,99.017510,616.744767,-20.576129,621.114353,-140.464618,616.479086,59.967796,0.005058,1,0
3.900000,-58.411565,203752.738359,-178.471438,205069.367671,61.345283,203940.988479,99.571673,621.161593,-20.229977,612.657607,-141.006190,617.086642,59.970841,0.003148,1,0
3.933000,-58.617004,203590.234618,-178.653228,205325.819573,61.476513,205633.232496,99.168404,613.691527,-20.616010,619.884557,-140.762801,620.145109,59.964349,-0.000036,1,0
3.967000,-58.592481,205658.025317,-178.504350,204344.765914,61.507136,203600.443233,99.397720,622.201455,-20.822508,619.923525,-140.600874,618.002103,59.965613,-0.000308,1,0
4.000000,-58.493628,204541.786224,-178.624342,205594.048871,61.230056,202299.287924,99.814270,614.929369,-20.512059,624.563571,-141.099905,617.894321,59.967146,-0.013367,1,0
4.033000,-58.459961,204957.527001,-178.360126,205504.893025,61.538074,205306.075021,99.446365,626.984415,-20.456734,621.809344,-140.429032,623.319989,59.966796,-0.007708,1,0
4.067000,-58.440218,204612.092445,-178.636070,204850.424905,61.473565,205252.065528,99.598053,618.208433,-20.704815,624.033994,-140.539264,624.542501,59.965320,-0.005243,1,0
4.100000,-58.537026,204769.913269,-178.582339,204773.016913,61.574123,204347.428738,99.049908,621.957918,-20.527920,621.608848,-140.406226,621.668400,59.968533,0.000372,1,0
4.133000,-58.406269,206690.663451,-178.379318,204341.391429,61.350330,206184.454300,99.807111,621.648122,-20.436877,620.878413,-140.756844,622.748004,59.971359,0.001860,1,0
4.167000,-58.466115,203643.615950,-178.584950,205656.617852,61.599482,204084.964384,99.447948,628.788728,-20.700877,616.464956,-140.576222,624.031080,59.973827,-0.001472,1,0
4.200000,-58.617047,203831.823969,-178.369871,202865.597773,61.615199,206390.181200,99.239398,619.217241,-20.480554,625.721269,-140.202400,627.807110,59.970935,-0.009746,1,0
4.233000,-58.497937,204456.563151,-178.511758,205183.358863,61.576497,204353.153240,99.775617,620.088347,-20.472087,622.730186,-140.555381,624.323068,59.978085,0.005259,1,0
4.267000,-58.472497,206402.368191,-178.484279,203573.586123,61.334993,203788.176271,99.420362,616.724445,-20.119302,628.463839,-140.697849,620.715169,59.967708,0.001778,1,0
4.300000,-58.437054,204539.756783,-178.435123,203796.543953,61.682373,204789.490488,99.285279,633.044317,-20.378851,624.286134,-140.301657,623.391728,59.970439,0.018060,1,0
4.333000,-58.633808,205175.930711,-178.390995,204821.469472,61.515146,204747.404293,99.241149,627.609542,-20.385795,624.791362,-140.483870,627.516416,59.965641,0.009105,1,0
4.367000,-58.523656,204292.646895,-178.351149,203386.561195,61.543498,204034.751805,99.608795,627.894615,-20.288193,623.610771,-140.669115,630.037081,59.970095,-0.002733,1,0
4.400000,-58.626470,203915.123302,-178.550271,203421.497541,61.519187,203673.047608,99.253734,630.427109,-20.864987,621.819532,-140.518570,627.100007,59.980333,0.004172,1,0
4.433000,-58.559340,203126.360127,-178.651271,204539.497226,61.494107,205799.212249,99.395268,623.251972,-20.681977,623.615730,-140.781048,626.031995,59.981602,0.001203,1,0
4.467000,-58.412756,205467.396688,-178.561166,203229.861034,61.259293,204811.488886,99.883363,624.137666,-20.790767,627.855941,-140.786740,620.791365,59.973394,0.005178,1,0
4.500000,-58.781236,204819.786922,-178.621725,202995.933937,61.482275,204055.665757,99.030550,620.373522,-20.563565,627.068263,-140.478067,620.098602,59.976475,-0.005416,1,0
4.533000,-58.611945,204650.811844,-178.443148,204636.990796,61.510504,203575.190989,99.038505,633.146677,-20.579696,623.701971,-140.480416,623.863695,59.975538,-0.003865,1,0
4.567000,-58.412482,205498.128119,-178.386334,203709.739116,61.540372,204470.453010,99.587939,626.993897,-20.254517,619.871872,-140.492772,629.994139,59.992755,-0.002675,1,0
4.600000,-58.596082,204151.454898,-178.576050,204588.701079,61.402207,204208.604166,99.525244,625.467696,-20.630038,632.446557,-140.514096,626.871643,59.980334,-0.003277,1,0
4.633000,-58.460164,204497.165132,-178.642364,204968.997171,61.366494,205431.939159,99.381335,630.995457,-20.649990,624.806619,-140.640539,632.603501,59.975855,0.001135,1,0
4.667000,-58.611187,202542.834706,-178.641429,204197.094583,61.423932,203355.560526,99.551944,624.513945,-20.520142,619.757131,-140.350145,625.744451,59.978155,0.005561,1,0
4.700000,-58.591804,204448.228898,-178.583531,205271.076788,61.238383,203850.632187,99.470564,626.507401,-20.690105,625.549954,-140.796687,623.610534,59.977726,0.005004,1,0
4.733000,-58.702651,204938.087107,-178.483824,205723.537164,61.379665,204978.136258,99.713504,632.110043,-20.393856,626.689265,-140.624347,625.497581,59.978629,0.005452,1,0
4.767000,-58.774511,202974.818036,-178.545490,204857.917173,61.372127,203713.655499,99.225021,628.669279,-20.340180,627.011153,-140.699633,623.931537,59.979325,0.007993,1,0
4.800000,-58.349220,204490.418276,-178.563942,205237.184139,61.518298,205192.053931,99.822703,621.145249,-20.553395,624.793978,-140.296169,623.542062,59.980002,0.002911,1,0
4.833000,-58.577639,205396.889744,-178.614717,204429.783408,61.333931,204217.499436,99.421214,625.110839,-20.724052,627.491605,-140.659356,625.516941,59.980998,-0.007846,1,0
4.867000,-58.463784,204198.399170,-178.485876,205526.558089,61.472430,204580.691067,99.343151,624.386158,-20.266949,623.638467,-140.435941,623.756298,59.974250,0.007129,1,0
4.900000,-58.637203,206049.064300,-178.594214,205245.932189,61.349251,204911.339985,99.405446,626.890543,-20.425000,619.584379,-140.556943,621.056480,59.978231,0.000861,1,0
4.933000,-58.455952,205811.224785,-178.538938,202798.990806,61.486603,205436.237544,99.423378,619.583693,-20.458330,622.587831,-140.557979,618.399404,59.978738,0.007129,1,0
4.967000,-58.653967,204997.374819,-178.467945,204644.726777,61.415574,205329.480639,99.579093,619.737318,-20.208633,625.983392,-140.757396,626.228430,59.974639,-0.006365,1,0
5.000000,-58.491457,203678.054250,-178.792897,203656.035017,61.355561,203929.597670,99.429831,630.984022,-20.551471,626.518692,-140.781126,626.963974,59.969002,-0.000785,1,0
5.033000,-58.589770,204064.372159,-178.500514,203729.014314,61.398227,205021.146688,99.447567,624.018154,-20.615539,625.425042,-140.583657,629.713526,59.976047,-0.000810,1,0
5.067000,-58.531610,205535.838720,-178.505851,203783.187568,61.446161,204598.738913,99.697759,631.996308,-20.449096,623.058958,-140.885057,629.563723,59.969296,0.006594,1,0
5.100000,-58.449937,205782.920808,-178.454925,203457.923977,61.557205,205325.867910,99.445760,622.999796,-20.428953,628.934538,-140.402725,627.798077,59.974810,0.001278,1,0
5.133000,-58.614106,203522.201219,-178.565105,204211.914516,61.310284,205314.947184,99.422574,629.271418,-20.819844,626.404393,-140.805056,633.491661,59.974281,-0.006962,1,0
5.167000,-58.359849,204168.953426,-178.484445,204585.750884,61.557573,204374.197420,99.744047,624.843362,-20.301633,625.273314,-140.352485,631.075076,59.977310,-0.004093,1,0
5.200000,-58.479811,205131.914408,-178.624232,204059.409587,61.430888,205022.260440,99.535111,621.819653,-20.782860,630.927487,-140.722838,625.936100,59.980559,0.001631,1,0
5.233000,-58.515769,204838.576272,-178.726732,204168.490380,61.217978,204709.864966,99.561048,627.613913,-20.794206,631.442165,-140.911293,635.907370,59.971350,-0.001812,1,0
5.267000,-58.761834,205899.077917,-178.716742,204633.293647,61.263954,203682.447142,98.994905,627.603887,-20.690590,631.640407,-141.204122,636.921998,59.968509,-0.007439,1,0
5.300000,-58.825315,203219.939715,-178.610359,205627.044494,61.293583,203751.904175,98.888891,629.995547,-20.824031,621.023415,-140.925336,624.823178,59.972692,0.015423,1,0
5.333000,-58.460868,205047.051629,-178.507584,206473.652649,61.296210,203834.627032,99.327947,629.559206,-20.196475,631.520549,-140.928014,634.910768,59.974129,-0.014675,1,0
5.367000,-58.717674,206251.430320,-178.575930,205803.652971,61.461255,206041.648440,99.193734,625.683268,-20.411217,631.225627,-140.480451,630.345909,59.976726,-0.000210,1,0
5.400000,-58.733632,205140.309042,-178.757703,204297.073509,61.225585,205854.197288,99.337029,631.199164,-20.889259,633.300418,-140.842619,633.533828,59.969225,0.001944,1,0
5.433000,-58.548297,207027.171402,-178.589675,203584.927442,61.461853,204566.032578,99.464148,637.832083,-20.977497,635.521334,-140.740480,632.026142,59.979695,0.001876,1,0
5.467000,-58.571373,206225.136696,-178.710225,204985.131297,61.371707,204855.999596,99.388699,632.791919,-20.882548,631.951944,-140.583210,628.079825,59.972447,-0.007063,1,0
5.500000,-58.555092,204659.415517,-178.506283,205919.269523,61.421178,205136.793041,99.703366,635.416504,-20.692244,637.302240,-140.563405,639.344162,59.973465,0.002462,1,0
5.533000,-58.491301,206821.298661,-178.642021,204953.951658,61.505766,205188.267485,99.449318,637.258212,-20.859399,639.958111,-140.332640,638.201163,59.971610,0.015566,1,0
5.567000,-58.636270,204429.205002,-178.735166,204204.297494,61.437041,204661.845353,99.317717,633.115152,-20.918751,640.312216,-140.486246,633.749740,59.972495,-0.012272,1,0
5.600000,-58.399339,204692.855660,-178.539243,205669.808718,61.419620,204771.311196,99.812532,636.436615,-20.728685,636.848849,-140.370291,641.711997,59.977579,0.002001,1,0
5.633000,-58.562588,203603.977587,-178.686992,204253.318263,61.471328,205413.453637,99.369974,635.874927,-20.431745,632.348590,-140.346855,638.655205,59.980355,-0.011078,1,0
5.667000,-58.623534,204895.736707,-178.520858,204020.202540,61.562332,203094.249215,99.428140,640.754742,-20.497549,637.831973,-140.298295,632.742008,59.979282,0.000677,1,0
5.700000,-58.481305,205134.285813,-178.596475,206294.424396,61.362505,204406.752431,99.567050,643.109898,-20.055285,638.840891,-140.583475,638.783912,59.979493,0.007427,1,0
5.733000,-58.448996,204947.512985,-178.437724,205841.152857,61.413222,205530.620007,99.739539,636.054352,-20.556342,642.533619,-140.778884,639.669443,59.980531,-0.006178,1,0
5.767000,-58.688812,205848.097912,-178.574217,206344.449812,61.322861,203554.068979,99.414207,638.595741,-20.612346,635.217952,-140.733262,632.844125,59.974093,-0.009361,1,0
5.800000,-58.626714,203890.311209,-178.498694,205326.457091,61.404313,205130.446955,99.540583,638.918269,-20.525850,643.663687,-140.520841,643.507303,59.972307,-0.013716,1,0
5.833000,-58.571645,204168.786815,-178.405167,204181.601920,61.511751,205612.570182,99.520449,640.484240,-20.690374,635.479533,-140.435828,639.863003,59.979733,0.001527,1,0
5.867000,-58.444739,202580.233200,-178.730805,204853.678158,61.394321,205047.839788,99.574847,640.543374,-20.708003,631.415700,-140.736567,641.246779,59.973807,-0.000027,1,0
5.900000,-58.528607,203717.842583,-178.566337,203788.862738,61.260036,205305.333836,99.373555,633.386747,-21.018986,644.084818,-140.859976,634.354823,59.965437,-0.004036,1,0
5.933000,-58.692503,205423.658617,-178.669758,206267.265593,61.403778,205435.952273,99.229267,636.375691,-20.647594,635.764504,-140.293847,637.004979,59.972858,0.011611,1,0
5.967000,-58.574150,205008.103664,-178.500031,206245.524431,61.063306,203593.486175,99.429904,633.544184,-20.294384,643.117362,-140.962945,637.462285,59.971866,0.001203,1,0
6.000000,-58.608930,204874.655910,-178.436405,204739.850487,61.263758,206598.687688,99.548254,625.332145,-20.540251,639.240662,-140.980334,631.754409,59.966872,-0.005973,1,0
6.033000,-58.392186,206735.795267,-178.551952,205436.202449,61.287763,206146.905054,99.524964,637.351704,-20.854995,637.530736,-140.764331,637.470445,59.969891,-0.016869,1,0
6.067000,-58.588035,205795.999752,-178.521104,203873.710734,61.320905,205476.194218,99.526069,635.762523,-20.478552,638.591585,-140.404121,635.926472,59.962177,0.008405,1,0
6.100000,-58.576357,204155.755231,-178.721083,204605.931354,61.377645,206878.264776,99.593933,639.163443,-20.624539,637.890303,-140.327823,643.020531,59.966641,-0.006261,1,0
6.133000,-58.573895,203617.533192,-178.529005,206605.167399,61.388909,205534.934003,99.566738,642.608255,-20.687740,645.896083,-141.019145,635.203664,59.962672,-0.005150,1,0
6.167000,-58.439387,205984.025923,-178.453434,207133.387869,61.410435,206089.098664,99.224367,635.926427,-20.551341,637.338069,-140.489151,635.564433,59.968004,-0.003614,1,0
6.200000,-58.722675,205932.801324,-178.693805,205762.587765,61.260728,206627.483361,99.187271,637.598380,-20.467522,641.772649,-140.952424,633.734562,59.969071,0.007790,1,0
6.233000,-58.649502,205107.629458,-178.373920,204418.119648,61.606198,204073.477145,99.679932,634.647832,-20.787587,631.753628,-140.345128,637.956610,59.972521,0.001761,1,0
6.267000,-58.520126,205888.455804,-178.655161,206062.874034,61.533977,204716.805446,99.378293,633.522610,-20.772649,641.686327,-140.367535,637.735333,59.962712,0.002120,1,0
6.300000,-58.371291,204774.736120,-178.593607,204609.809729,61.268625,205532.116053,99.525818,634.453685,-20.373890,638.109412,-140.610495,631.266307,59.961883,-0.001182,1,0
6.333000,-58.420065,203805.419099,-178.544480,204607.572360,61.504868,206247.225672,99.450840,636.369376,-20.652118,635.278372,-140.471716,635.238686,59.970603,-0.003065,1,0
6.367000,-58.491561,206473.913225,-178.774466,205947.398487,61.622186,204007.909240,99.441166,638.450541,-20.570503,639.166923,-140.196979,637.543693,59.967867,-0.008158,1,0
6.400000,-58.658776,205482.011464,-178.577913,205116.508597,61.644645,204672.093819,99.289487,639.603629,-20.787092,641.062719,-140.378368,640.106349,59.964524,0.004119,1,0
6.433000,-58.422331,204910.945034,-178.518613,204699.435244,61.671968,207216.472341,99.518736,633.825666,-20.537259,632.864640,-140.477874,633.251310,59.969181,0.002294,1,0
6.467000,-58.456614,205169.294283,-178.386264,204220.277252,61.612190,205721.319424,99.548472,631.930423,-20.329801,635.851377,-140.574395,642.325680,59.974650,0.001489,1,0
6.500000,-58.396277,205615.658624,-178.235896,204799.081458,61.552086,204814.451002,99.901279,634.551617,-20.222163,640.294961,-140.314463,636.220974,59.967818,-0.010574,1,0
6.533000,-58.272277,207008.496950,-178.352060,206665.804913,61.476803,206066.667940,100.010324,633.421418,-20.182212,636.252236,-140.100465,635.376941,59.970405,0.008761,1,0
6.567000,-58.085013,206887.219261,-178.374051,204903.068709,61.560914,206082.213567,99.580269,635.769348,-20.445155,629.089672,-140.859920,636.052984,59.970679,-0.001045,1,0
6.600000,-58.382419,205876.462912,-178.659995,205306.598093,61.647937,207793.066632,99.855742,638.821891,-20.376512,633.919672,-140.561592,640.734747,59.960063,0.007057,1,0
6.633000,-58.388556,206047.340406,-178.227535,205079.713942,61.622342,204507.754240,99.497190,635.091328,-20.061006,635.002045,-140.467374,637.924959,59.969769,-0.006302,1,0
6.667000,-58.381967,206911.599952,-178.376010,205998.643961,61.436250,206291.815941,99.738143,628.905787,-20.399512,633.977224,-140.565865,638.980684,59.966100,-0.001180,1,0
6.700000,-58.483887,205968.642805,-178.558079,204415.079750,61.581109,204010.686029,99.706316,626.932219,-20.678464,629.658473,-140.312070,635.248149,59.968465,0.011756,1,0
6.733000,-58.317749,207525.806194,-178.226717,206836.704843,61.686792,205475.097915,99.623698,633.113537,-20.128686,629.473678,-140.221082,638.686925,59.970934,-0.000272,1,0
6.767000,-58.301045,206119.138009,-178.479578,206080.900644,61.671889,205270.840283,99.448989,635.774860,-20.215063,636.843731,-140.609119,634.810031,59.963705,0.001363,1,0
6.800000,-58.498205,205364.546647,-178.506655,205618.307606,61.540875,205631.311557,99.247452,638.070633,-20.496076,636.603393,-140.337046,635.109777,59.963676,-0.003838,1,0
6.833000,-58.433940,203936.197209,-178.344087,205343.282281,61.568630,204738.947244,99.700907,639.436407,-20.642562,638.983132,-140.808113,631.386017,59.969293,0.003632,1,0
6.867000,-58.284079,206244.239797,-178.514922,204886.706316,61.494358,204321.314745,99.642196,635.663827,-20.648487,641.099334,-140.653936,641.360981,59.966390,0.014726,1,0
6.900000,-58.440935,204832.466727,-178.284910,203325.375690,61.614658,206162.652275,99.478069,635.687699,-20.148364,636.688033,-139.979899,633.225756,59.958189,0.004916,1,0
6.933000,-58.378158,204029.287696,-178.383022,204277.257749,61.542135,205000.428787,99.375065,633.986330,-20.169907,635.604511,-140.326715,642.293374,59.963757,0.008859,1,0
6.967000,-58.413472,207035.002426,-178.421912,204137.612762,61.554960,205892.541080,99.726007,640.454300,-20.681689,635.003114,-140.363129,639.078255,59.966942,0.001244,1,0
7.000000,-58.372106,205907.470818,-178.407490,205096.902679,61.773281,205564.976839,100.087616,632.482236,-20.472859,638.997706,-140.400313,634.400625,59.965381,0.000890,1,0
7.033000,-58.399309,205665.234502,-178.322421,204611.837958,61.783006,202925.263276,99.508935,635.972018,-20.194896,636.228185,-140.430626,636.642392,59.954582,-0.007171,1,0
7.067000,-58.470677,204962.571803,-178.374052,204949.259186,61.512068,205985.484350,99.488343,627.332614,-20.233802,634.063739,-140.857192,635.512037,59.961638,0.002734,1,0
7.100000,-58.371872,205593.049315,-178.243640,205741.048678,61.613393,204938.027111,99.516745,628.069999,-20.149926,632.714511,-140.600169,632.540740,59.957280,0.006852,1,0
7.133000,-58.426935,205702.020080,-178.437415,204168.389930,61.558680,204777.786618,99.398177,636.101264,-20.577604,634.282284,-140.190511,635.488500,59.963931,-0.007320,1,0
7.167000,-58.586979,205012.348830,-178.418277,204468.590597,61.622785,205434.211292,99.437914,638.874776,-20.374668,629.275992,-140.432344,628.612418,59.957196,0.003948,1,0
7.200000,-58.396148,205864.324005,-178.442456,204949.937313,61.687676,206986.953699,99.754205,632.041141,-20.285058,635.772439,-140.514976,632.098641,59.961595,-0.002678,1,0
7.233000,-58.229151,204463.236135,-178.428865,204855.134457,61.665074,205194.313826,99.760880,636.091410,-20.357779,633.664646,-140.358821,631.268583,59.955131,-0.008416,1,0
7.267000,-58.503993,204055.188336,-178.384883,205355.041985,61.640903,205989.796337,98.847702,630.942939,-20.452448,634.620741,-140.021134,627.322429,59.947804,-0.007341,1,0
7.300000,-58.349042,204973.351274,-178.391966,206212.259928,61.534262,206091.044037,99.548460,628.821232,-20.300986,629.515743,-140.335115,632.999863,59.956923,0.002891,1,0
7.333000,-58.528943,205584.551680,-178.365644,203698.905870,61.554259,205084.087798,99.667503,634.364055,-20.067900,633.679068,-140.397526,630.971392,59.952077,-0.000064,1,0
7.367000,-58.527069,204817.615159,-178.225121,206832.274763,61.458478,204583.435794,99.516267,629.707153,-20.140522,627.923147,-140.824118,635.972977,59.964184,0.009842,1,0
7.400000,-58.202020,203062.498746,-178.407441,204532.842971,61.713253,205485.789093,99.651047,632.393770,-20.056855,637.932480,-140.561262,630.778299,59.964833,-0.000364,1,0
7.433000,-58.371088,205294.285484,-178.345105,205190.891957,61.650900,205001.957444,99.741992,639.374914,-20.275556,637.535343,-140.372579,632.382522,59.954068,0.007032,1,0
7.467000,-58.184288,204027.351627,-177.996129,204826.741542,61.586716,204033.265120,99.849250,627.046750,-19.924720,635.310629,-140.352434,629.685939,59.956555,-0.006520,1,0
7.500000,-58.099926,202829.260274,-178.239604,204835.805418,61.666651,205418.066410,100.059651,635.358127,-19.860661,634.993821,-140.306577,626.823561,59.951175,0.002877,1,0
7.533000,-58.311128,206108.791240,-178.346205,205587.155348,61.730156,204475.652111,99.695634,629.129874,-20.287677,635.450759,-140.346493,633.294432,59.953356,-0.009548,1,0
7.567000,-58.208221,204412.353068,-178.216345,206361.612711,61.767278,204427.879993,99.830556,628.708982,-20.297131,628.860393,-140.231181,633.621010,59.950468,-0.000174,1,0
7.600000,-58.205641,204805.098385,-178.191687,205381.784401,61.647464,204575.000238,99.805154,628.184214,-20.192998,628.043541,-140.373813,630.548135,59.944244,-0.002971,1,0
7.633000,-58.425639,205498.872980,-178.344247,205469.569402,61.781343,204751.060275,99.708072,624.790291,-20.380989,625.648091,-140.656819,625.999793,59.951832,-0.004322,1,0
7.667000,-58.346530,205949.560748,-178.159903,204440.905110,61.695095,206953.970824,99.776850,632.776675,-20.188639,627.351323,-139.986671,622.521229,59.953181,-0.007273,1,0
7.700000,-58.444043,204828.609241,-178.274972,205738.471132,61.889640,205799.903269,99.368016,635.106403,-20.548436,622.270979,-139.831917,635.892627,59.950105,-0.002940,1,0
7.733000,-58.213618,204221.295799,-178.252597,204797.581837,61.752039,204079.280033,99.396257,628.185542,-20.332824,622.073102,-140.107455,623.650830,59.954080,0.004876,1,0
7.767000,-58.205852,206359.736961,-178.286826,203828.213110,61.750623,206083.512764,99.878582,625.318518,-20.167388,623.913528,-140.502366,625.753390,59.951468,-0.005577,1,0
7.800000,-58.137737,206204.112157,-178.302790,204346.567837,61.874223,204724.317481,99.777476,626.977712,-20.508346,628.591283,-140.241362,624.129311,59.951373,0.004063,1,0
7.833000,-58.194094,206454.819258,-178.193663,204073.506419,61.787524,206353.011472,99.818256,621.816531,-20.500530,628.108164,-140.169587,628.977206,59.950001,-0.007463,1,0
7.867000,-58.352005,204564.004120,-178.310078,204798.026812,61.793749,205112.350684,99.783325,626.384769,-20.512371,626.690394,-140.314877,629.177286,59.955795,0.000698,1,0
7.900000,-58.243063,207560.874864,-177.956655,204125.181234,61.744494,205962.424238,99.455304,626.605179,-20.297889,627.876306,-140.148284,630.165460,59.951691,-0.007432,1,0
7.933000,-58.005472,206559.444406,-178.309601,204507.216847,61.870298,204055.823774,99.666254,623.018600,-20.254332,627.540728,-139.840707,630.688417,59.957197,0.007731,1,0
7.967000,-58.108465,206521.540378,-178.257105,207432.600454,61.788279,206394.341188,99.968591,630.425563,-20.487194,627.144750,-140.171305,628.301048,59.955340,0.004997,1,0
8.000000,-58.310182,205681.413790,-178.018066,204501.834056,61.954840,204714.531735,99.718021,624.012354,-19.896654,629.146125,-140.042056,625.478308,59.950451,0.000321,1,0
8.033000,-58.006116,205518.916433,-178.307053,204447.227953,61.997659,205961.746205,100.021906,625.047970,-20.380033,634.594801,-140.098852,628.492192,59.954060,-0.010502,1,0
8.067000,-57.965194,205535.692927,-178.153660,206331.676402,61.831874,204694.244781,100.236470,633.699813,-20.487904,628.059221,-140.608586,629.926565,59.950380,0.000649,1,0
8.100000,-58.105663,203900.687740,-178.217962,204169.507151,61.724651,204966.981864,99.859745,626.396511,-20.155745,633.003105,-140.323148,631.965418,59.955388,-0.001159,1,0
8.133000,-58.255427,205452.859531,-178.247599,204926.172391,61.750652,205653.524156,99.933106,631.309393,-20.329659,628.414395,-140.122036,629.556976,59.956464,0.002041,1,0
8.167000,-58.129810,204009.816437,-178.208795,205268.772146,61.702462,206747.748875,100.075965,627.226104,-19.915103,628.006296,-140.526734,628.249394,59.950099,-0.002186,1,0
8.200000,-58.046499,202669.709365,-178.081582,205265.140350,61.886047,204855.985245,99.762883,630.134832,-20.154714,625.523708,-140.311115,623.830397,59.960704,-0.001143,1,0
8.233000,-58.094355,204995.878143,-178.266641,204647.722839,61.668812,204064.481196,100.079743,635.945036,-20.247420,637.918344,-140.523035,626.196659,59.953526,0.002376,1,0
8.267000,-58.256131,204539.321195,-178.249737,205143.288462,61.881642,204554.586271,99.256785,634.686163,-20.076371,630.266160,-140.274312,631.869258,59.960752,0.009998,1,0
8.300000,-58.293265,203753.224760,-178.200180,207160.699355,61.896989,202946.056880,99.339498,635.645870,-20.315235,633.158833,-140.083657,627.546733,59.964308,-0.010379,1,0
8.333000,-58.165143,204697.005129,-178.454532,204371.150999,61.651259,204198.279203,99.909136,635.841614,-20.449590,635.955984,-140.558830,634.427061,59.969053,0.005017,1,0
8.367000,-58.238295,203379.223252,-178.064783,204489.766194,61.710199,205113.423601,99.503799,632.150349,-19.754320,632.210004,-140.362127,632.872854,59.964991,-0.012454,1,0
8.400000,-58.364721,205314.364509,-178.041150,205403.818720,61.834334,203710.274754,99.976789,630.209214,-20.254715,623.379127,-140.267640,625.211161,59.959155,0.009614,1,0
8.433000,-58.227208,205885.895998,-178.215610,204726.816930,61.766997,204919.202243,99.807790,631.130883,-20.246989,632.741632,-140.354618,639.208940,59.962008,0.010139,1,0
8.467000,-58.094824,206263.657416,-178.326389,205194.862955,61.849546,206052.104289,99.791390,633.521399,-20.130141,628.488835,-140.301341,636.986586,59.960618,-0.002286,1,0
8.500000,-58.365325,204119.756863,-178.397342,203861.910087,61.724598,204373.762503,99.768583,640.230607,-20.366653,637.154943,-140.332514,634.741267,59.967432,-0.001062,1,0
8.533000,-58.300199,206703.128909,-178.417563,206262.493340,61.675917,205306.838329,99.854014,633.555532,-20.564227,637.883997,-140.198371,632.380084,59.960967,-0.009495,1,0
8.567000,-58.176524,207273.165097,-178.374884,205230.612202,61.829007,204885.945765,99.819545,637.891544,-20.417311,633.249866,-140.151820,637.236476,59.957218,-0.009779,1,0
8.600000,-58.292323,205124.627320,-178.300504,204849.417982,61.579237,203628.735272,99.554134,629.708753,-20.156509,632.089601,-140.223022,636.141840,59.959817,-0.012585,1,0
8.633000,-58.394896,206488.104128,-178.254386,206349.788568,61.650762,205021.533698,99.290285,635.106596,-20.386471,635.043360,-140.351008,638.489990,59.961827,-0.002291,1,0
8.667000,-58.436942,204924.490960,-178.390017,204303.520418,61.512440,206128.650729,99.922451,635.000832,-20.158199,629.134187,-140.599788,639.770332,59.963930,0.002796,1,0
8.700000,-58.394468,205519.727594,-178.434761,206057.622541,61.665026,206543.794886,99.475642,632.335596,-20.101503,628.599442,-140.492313,626.770503,59.962217,-0.002934,1,0
8.733000,-58.488509,206097.228861,-178.434013,204379.914105,61.523369,204104.706614,99.452141,634.838740,-20.392518,634.340845,-140.475794,633.220780,59.956306,0.003950,1,0
8.767000,-58.437811,205705.549685,-178.329221,205766.761415,61.634432,207082.456072,99.019135,630.331973,-20.533008,630.439265,-140.115648,625.623011,59.959070,-0.007512,1,0
8.800000,-58.198774,205626.740001,-178.257310,204736.642416,61.565971,205059.684758,99.681914,635.106829,-20.107693,641.651054,-140.313297,634.225933,59.963218,0.001180,1,0
8.833000,-58.260108,205828.059032,-178.272380,204693.899268,61.666796,204170.529938,99.613713,634.070526,-20.247488,633.308917,-140.538208,630.704263,59.954476,-0.000704,1,0
8.867000,-58.221415,205062.392792,-178.238942,204811.664741,61.537848,205353.144210,99.797784,628.202033,-20.378210,628.647135,-140.403100,630.016902,59.959618,-0.001901,1,0
8.900000,-58.176872,204242.848047,-178.135796,204554.105684,61.714884,204744.823040,100.294109,632.147697,-20.254425,629.525086,-140.380089,635.812804,59.962206,-0.000093,1,0
8.933000,-58.132006,206147.159050,-178.279949,204258.487299,61.920627,204007.834312,99.703316,633.605847,-20.106345,636.284950,-140.166560,630.972549,59.954631,0.004570,1,0
8.967000,-58.312647,207632.202074,-178.264251,205003.709551,61.769163,207340.091630,99.837938,630.404824,-20.222730,642.492700,-140.060210,628.996104,59.965850,-0.001484,1,0
9.000000,-58.069441,203310.118238,-178.348167,204785.323193,61.751644,204213.135176,100.084758,632.110847,-19.971357,640.873596,-140.237542,631.014617,59.963868,0.007323,1,0
9.033000,-58.183401,205395.036023,-178.054633,205055.887031,61.766649,207495.291476,99.636876,632.240379,-20.179483,639.469192,-139.947863,635.241322,59.956487,0.009424,1,0
9.067000,-58.100812,203699.452575,-178.151752,205526.891084,61.926138,204212.239087,99.931141,639.706599,-20.310037,631.751130,-139.929375,640.153368,59.958161,-0.003642,1,0
9.100000,-58.259965,206484.480337,-178.202551,205249.195713,61.842180,204534.461524,99.603535,643.108077,-20.150794,637.723543,-140.120003,635.688036,59.961371,0.002546,1,0
9.133000,-58.213469,206290.388816,-178.052714,204583.846577,61.590262,205179.957633,99.796174,637.086329,-20.102265,633.628167,-140.531680,638.259596,59.955177,-0.002208,1,0
9.167000,-58.247022,204800.935446,-178.032589,205049.557377,62.025149,205033.068742,99.687655,639.130725,-20.123653,634.486114,-139.895209,635.583116,59.956140,0.008726,1,0
9.200000,-58.038391,205148.966239,-178.345686,204645.765149,61.758248,205323.503019,100.070706,630.047359,-20.390654,638.609111,-140.333240,631.238346,59.962504,0.008784,1,0
9.233000,-58.237372,206262.464695,-178.387010,206102.316716,61.743714,207590.987199,99.931745,631.569334,-20.398686,626.320968,-140.404142,639.600563,59.959545,0.004575,1,0
9.267000,-58.172501,205131.777371,-178.073942,205173.361154,61.867063,206326.301476,99.989470,629.791847,-20.368434,632.966421,-140.059420,628.063533,59.957023,-0.006525,1,0
9.300000,-58.195676,205315.532440,-177.988068,205864.345487,61.998881,206025.452789,99.669705,635.436084,-19.956583,632.913595,-140.349523,635.529374,59.961511,0.001711,1,0
9.333000,-58.220401,206325.688202,-178.049595,206178.636170,61.729438,206529.284674,99.568684,632.775611,-20.037518,630.425402,-140.220425,633.451133,59.957763,-0.010031,1,0
9.367000,-58.071131,205172.551759,-178.379063,206181.279066,61.735571,204488.431187,99.990066,630.930237,-20.237407,637.237031,-140.228553,629.659964,59.961851,0.002982,1,0
9.400000,-58.173751,207305.620005,-178.162052,205498.569701,61.795470,205179.013419,99.701331,637.019879,-19.880464,639.233048,-140.194192,630.891100,59.964288,-0.005033,1,0
9.433000,-58.024434,207751.960657,-177.911416,205533.324404,61.932913,205990.901013,100.047517,643.795060,-20.083015,635.010954,-139.775055,641.502768,59.962169,-0.004114,1,0
9.467000,-58.071072,204519.951711,-178.026137,204983.146609,61.898792,205188.132654,99.794317,635.536076,-20.162894,640.851238,-140.179992,635.015027,59.966883,-0.000580,1,0
9.500000,-58.217781,205876.792041,-178.323929,205945.324236,61.871507,208655.040261,99.954361,634.745214,-20.139457,636.682400,-140.385612,642.441214,59.961220,0.009065,1,0
9.533000,-58.140326,206167.060575,-177.961027,206241.611349,61.900397,207362.958217,99.822191,635.093306,-19.957005,632.550670,-140.104301,642.370033,59.956504,0.003595,1,0
9.567000,-58.054711,206417.240642,-177.965938,205595.302334,61.999471,206100.057104,99.930466,642.773546,-20.157946,635.453936,-139.674432,631.453741,59.964517,0.006016,1,0
9.600000,-58.053501,206715.746545,-178.300906,205991.550576,61.705843,207007.777580,99.905446,633.037666,-20.183057,628.875260,-140.097592,635.303893,59.958386,0.001377,1,0
9.633000,-58.054926,204973.784124,-177.957940,205237.066021,61.866681,206310.249223,99.919932,638.098357,-20.049290,638.062931,-140.269562,645.813626,59.952662,-0.005794,1,0
9.667000,-58.314286,206502.226393,-178.058991,205933.094545,61.916050,207155.559102,99.438484,639.931461,-20.019726,635.146571,-140.095044,636.757035,59.967089,0.013731,1,0
9.700000,-58.156935,206041.736970,-178.208728,206615.264499,61.795718,208474.244170,99.679951,640.187454,-20.470080,641.325959,-140.107925,639.204174,59.958869,-0.010952,1,0
9.733000,-58.058393,205587.471164,-178.190731,206008.739036,61.884934,206783.191893,99.832732,644.256129,-20.462911,639.162148,-139.849331,635.424809,59.959026,-0.001298,1,0
9.767000,-57.994836,207493.796256,-177.961613,205973.059544,61.954100,204952.673037,99.822434,636.168183,-20.084538,639.927931,-139.981499,635.018518,59.962040,0.001927,1,0
9.800000,-58.195650,206789.020894,-178.068105,208128.090601,61.751871,206384.547210,99.781024,633.631818,-20.116791,637.876367,-140.157677,634.997900,59.957165,0.000168,1,0
9.833000,-58.009227,206658.808577,-178.112094,204361.332740,62.073024,204874.218743,99.962283,635.967947,-20.111936,639.847353,-139.699449,638.708644,59.965191,0.001840,1,0
9.867000,-58.186750,205847.350010,-178.108270,205949.187703,61.902238,205309.703426,99.792613,641.222722,-20.105187,639.919100,-140.453467,635.648533,59.964379,0.010517,1,0
9.900000,-57.985845,204636.464391,-178.053920,204458.770845,61.856721,205234.859189,99.873154,639.212525,-20.050894,635.433942,-140.179194,638.371984,59.971887,-0.006050,1,0
9.933000,-58.207657,206549.774085,-178.039982,204772.577497,62.109531,204246.024500,99.777081,640.749701,-20.104202,640.044179,-139.814729,634.596942,59.964340,0.002976,1,0
9.967000,-58.068133,203398.857177,-178.046250,204353.625771,61.855056,206441.485339,100.160873,644.754258,-20.054734,637.357852,-139.897976,647.612302,59.964157,0.005999,1,0
10.000000,-58.089266,204648.535881,-178.173563,204046.434424,61.712800,204229.139346,99.749635,648.120591,-20.385022,639.439507,-140.101748,639.754390,59.954104,-0.005312,1,0
10.033000,-57.981333,206404.392474,-178.182177,206980.140903,61.906448,206688.860174,99.652970,646.390602,-20.182431,640.186464,-140.272435,641.599039,59.961800,-0.002760,1,0
10.067000,-57.885940,204887.459974,-178.082270,204673.289017,61.821311,204910.862693,100.137930,650.614625,-20.161845,643.380726,-140.031780,645.159967,59.963097,-0.001220,1,0
10.100000,-58.030581,206831.587555,-178.224220,206346.806451,61.754979,205033.273769,99.989788,641.790831,-20.449418,639.900449,-140.215491,640.613865,59.964189,0.003514,1,0
10.133000,-58.078145,206748.494636,-178.187877,205139.637543,61.816871,205171.245165,99.714871,643.972050,-19.952264,647.298314,-139.658032,646.304805,59.956833,-0.009145,1,0
10.167000,-58.128351,205646.556393,-178.174709,205497.760720,61.867790,207037.386598,99.801892,647.585988,-20.185809,639.046057,-139.991440,643.303315,59.961198,-0.017432,1,0
10.200000,-58.257046,204934.201341,-178.215115,205985.436243,61.793490,205727.943034,99.504695,648.674730,-19.989137,638.519277,-140.422409,639.372157,59.959312,-0.013857,1,0
10.233000,-58.080834,205448.002380,-178.213353,205679.138628,61.944865,205672.391255,99.774507,642.151732,-20.075928,644.320612,-140.233837,650.134957,59.957346,0.009843,1,0
10.267000,-58.235132,205144.798468,-178.182123,204716.781033,61.931575,206266.255027,99.527640,643.488214,-19.938103,648.368235,-139.895982,650.756538,59.962451,-0.009546,1,0
10.300000,-58.154357,204751.883299,-177.984164,207378.842598,61.713778,204346.027049,100.010170,640.462271,-19.929041,643.968773,-140.370875,649.506621,59.968597,-0.002883,1,0
10.333000,-58.159639,204739.494986,-178.095190,206210.956174,61.872075,204720.385725,99.765835,649.722780,-19.959265,651.495482,-140.450305,640.756333,59.968002,-0.006219,1,0
10.367000,-58.275640,207759.189865,-177.951249,206372.258430,61.871516,204886.981794,99.476494,647.518371,-19.829481,648.749429,-140.199840,646.442243,59.959447,0.018411,1,0
10.400000,-58.223617,205136.648893,-178.134655,206521.225192,61.901162,204979.325297,99.509726,652.179612,-19.844983,649.275590,-139.846585,648.087486,59.959343,0.013131,1,0
10.433000,-58.189355,204507.780884,-178.069187,205326.794157,61.672405,206823.223695,99.813500,647.326916,-19.986768,645.697865,-140.281465,649.813822,59.960451,0.004225,1,0
10.467000,-58.420930,206094.988056,-178.105620,205747.103405,61.806788,205803.838316,99.524736,643.545347,-20.023823,653.784889,-140.436755,654.449609,59.965054,0.004352,1,0
10.500000,-58.294061,205469.284750,-178.429956,205196.759826,61.786199,202748.181779,99.739511,644.606928,-20.579325,638.118892,-140.228301,640.578249,59.962825,-0.002957,1,0
10.533000,-58.227726,205689.461792,-178.022052,204605.365552,61.715157,207677.414101,99.843423,649.153869,-19.889253,643.394687,-140.073205,646.915709,59.960447,0.009620,1,0
10.567000,-58.232762,206986.327074,-178.106452,206502.965288,61.753741,206517.702662,99.707929,645.110035,-19.987636,646.862283,-140.145639,640.704634,59.954086,-0.003263,1,0
10.600000,-58.052311,205509.854468,-178.208614,206909.075030,61.761790,206019.114553,99.875464,652.974193,-20.522119,644.992156,-140.323997,647.073690,59.951826,-0.002561,1,0
10.633000,-58.203704,206865.430703,-178.191165,205704.325500,61.856525,205771.926549,99.859599,644.144283,-20.603151,652.604784,-140.348196,647.563268,59.946162,-0.006503,1,0
10.667000,-58.124642,205178.138168,-178.237270,205692.030979,61.770627,205325.643948,99.727521,642.451134,-20.254995,645.338626,-140.480174,653.104792,59.958491,0.004255,1,0
10.700000,-58.104210,206395.927960,-178.135910,205250.674407,61.723024,205243.382716,100.090511,646.038957,-20.194610,644.893274,-140.606304,645.920276,59.961915,-0.004500,1,0
10.733000,-58.287813,205452.553989,-178.044729,204132.085075,61.881846,205348.797926,99.660725,647.301603,-19.947303,643.596943,-140.139458,646.422117,59.958079,0.003514,1,0
10.767000,-57.867769,203994.585548,-178.174437,207845.694175,62.083355,205658.957012,99.949779,648.985921,-19.956281,648.222707,-139.876116,645.920368,59.958588,0.011409,1,0
10.800000,-58.031103,205093.728576,-178.175535,207163.821409,62.119186,205767.183448,100.088235,643.545097,-20.077306,646.719203,-139.738758,650.630001,59.957683,-0.003632,1,0
10.833000,-57.987485,207315.260108,-177.999336,205938.904773,61.998522,205803.290640,99.836691,649.352821,-20.154708,648.912501,-139.822201,646.861724,59.960145,0.009403,1,0
10.867000,-58.057188,203863.801351,-178.104961,205983.148704,61.957974,205890.108830,100.096044,647.296859,-20.097564,647.034350,-139.746281,649.823091,59.954193,-0.001431,1,0
10.900000,-58.148037,205142.022038,-177.967016,206187.093484,62.099672,206258.145633,99.508527,638.456146,-19.892806,643.083273,-139.868883,640.528492,59.961761,-0.006678,1,0
10.933000,-58.060693,204990.316582,-178.377240,207440.100072,61.930027,205163.718444,100.076016,647.967726,-20.320105,648.762246,-140.460888,644.788195,59.954024,-0.003564,1,0
10.967000,-58.190723,207957.875143,-178.183243,205029.517718,61.812440,207010.533316,99.886721,650.368691,-20.330391,642.532425,-140.386385,644.138176,59.949351,0.001084,1,0
11.000000,-58.093103,206763.872542,-178.101705,205595.236538,61.950345,204139.472083,99.869573,646.698054,-19.968131,649.094256,-140.180027,647.341842,59.939841,-0.007463,1,0
11.033000,-58.094284,205617.430861,-178.087437,207417.420305,61.893221,206470.074505,99.907290,648.914493,-20.041714,643.058003,-140.186078,646.008252,59.955333,-0.005131,1,0
11.067000,-58.207511,206292.311037,-178.212995,207445.667712,61.862047,206336.762176,99.841964,643.248848,-19.924741,648.864059,-139.841975,639.278596,59.960569,-0.002081,1,0
11.100000,-58.111027,205136.294583,-178.268566,206226.916076,61.929989,205154.083298,99.830961,642.663110,-20.214374,644.395519,-140.000866,644.681584,59.951481,0.012168,1,0
11.133000,-58.162296,206967.007820,-178.173609,207511.378493,62.005457,207734.701005,99.633205,639.410221,-20.327751,639.776667,-139.898766,643.009540,59.951497,0.011622,1,0
11.167000,-58.235431,206189.982808,-178.058319,203900.800395,61.942165,206344.675107,99.683710,642.862848,-19.991328,636.314698,-140.244689,642.870295,59.959710,0.006241,1,0
11.200000,-58.185912,206936.157277,-178.071194,206420.114194,61.815336,205181.120419,99.878344,637.577364,-19.985212,642.352000,-140.315104,645.606039,59.959216,0.011258,1,0
11.233000,-58.106363,205248.512236,-178.145217,206481.000979,61.998651,206355.770551,99.486509,643.865352,-20.239529,645.433243,-140.013375,641.850533,59.955248,0.002810,1,0
11.267000,-58.011312,207505.306980,-178.114754,206495.072128,61.888871,206245.337578,100.279971,639.159281,-19.956414,646.880755,-140.234478,643.632132,59.955079,-0.015056,1,0
11.300000,-58.195766,207095.238993,-178.181542,206039.239448,61.982263,206919.866718,99.986233,643.738706,-20.076222,646.133364,-140.333539,641.616335,59.957361,-0.009138,1,0
11.333000,-58.305591,204698.211195,-178.169000,207216.375421,61.755027,204574.816547,99.924840,641.589413,-20.383174,643.390996,-140.346736,643.521470,59.954100,0.000111,1,0
11.367000,-58.233135,205357.566077,-178.243736,207041.635515,61.843338,205789.132627,99.831032,641.444903,-20.272745,644.585311,-140.409833,648.322943,59.950735,-0.004909,1,0
11.400000,-58.128020,205395.289707,-178.108736,206561.440638,61.843535,204762.440588,99.728488,643.345818,-20.080951,635.290241,-140.105586,641.240301,59.945775,0.011875,1,0
11.433000,-58.145142,207884.792547,-178.039201,206989.033853,61.753063,207745.393647,100.177061,646.402635,-20.065785,643.532967,-140.501712,646.796720,59.960738,-0.014565,1,0
11.467000,-57.985637,206450.841132,-177.990996,206083.540453,61.700173,208101.329255,100.077252,646.348386,-19.949545,643.699669,-140.476851,638.970981,59.960338,-0.005458,1,0
11.500000,-58.131100,207501.585569,-178.156108,205813.657500,61.882184,206742.799895,99.966049,643.607645,-20.261761,639.452423,-140.289221,641.769730,59.959387,0.002509,1,0
11.533000,-58.139514,205980.474652,-178.292906,204312.154123,61.904129,206544.625520,99.751806,642.960550,-20.323957,640.317619,-140.009873,646.046692,59.955896,-0.013636,1,0
11.567000,-58.045744,205928.125463,-178.051841,207446.272261,61.877254,205723.055904,99.672788,648.806600,-19.964076,641.211830,-140.265547,648.419013,59.956118,0.002222,1,0
11.600000,-58.043675,206597.412436,-178.162441,206190.894511,61.771346,205079.870610,100.104527,642.966231,-20.051355,640.634947,-139.940644,645.177245,59.950864,0.007807,1,0
11.633000,-58.217523,204969.980944,-178.099789,205477.323497,61.649590,205706.421087,99.824142,645.726516,-19.956840,645.219936,-140.118734,642.890786,59.955217,-0.000052,1,0
11.667000,-58.213953,207823.174353,-178.132199,205517.440379,61.899826,205788.604207,99.970398,642.728819,-20.196378,636.801190,-139.964929,644.169041,59.961098,-0.003058,1,0
11.700000,-58.284493,206531.397208,-178.188212,205688.670901,61.942267,206461.295331,99.765479,645.366043,-20.137287,640.809590,-139.965154,639.666695,59.953104,-0.000344,1,0
11.733000,-58.241081,207457.800312,-178.184835,206124.944863,61.822552,206170.297716,99.828232,645.133333,-20.085775,650.328409,-140.174094,645.403139,59.957267,0.003238,1,0
11.767000,-58.148125,205578.365542,-178.199863,205759.321058,61.871983,205355.720263,99.592446,644.583163,-20.251142,650.954006,-140.316979,644.859001,59.957707,-0.008657,1,0
11.800000,-58.003739,204398.323725,-178.145702,205284.409646,61.759850,204570.798687,99.889575,644.624275,-20.542673,639.106421,-140.292871,648.013909,59.955742,-0.001385,1,0
11.833000,-58.039409,205454.841312,-178.104558,205202.646782,61.840955,206519.357414,100.106932,654.541353,-20.192013,653.810022,-140.049539,649.167884,59.961731,0.003670,1,0
11.867000,-57.989965,205884.915826,-178.053337,206494.713298,61.795398,204857.488140,99.756779,644.966210,-20.027091,641.660656,-140.131515,644.371687,59.962240,0.014296,1,0
11.900000,-58.041645,205191.630221,-178.139546,206639.174399,61.855580,205460.550396,99.941621,640.689894,-20.088972,648.871573,-140.139095,644.983164,59.959983,0.002730,1,0
11.933000,-58.127743,205355.194697,-178.268699,205649.002549,61.948840,205404.817167,99.750523,644.858683,-20.256855,652.812219,-139.975021,645.163115,59.957546,0.008747,1,0
11.967000,-58.148406,205086.425373,-177.974901,204183.075606,61.762198,205769.966149,99.760615,649.882344,-19.835299,647.780752,-140.031791,646.194638,59.961226,-0.007986,1,0
12.000000,-58.081075,206858.433921,-178.138278,206350.656954,61.903795,203984.819196,99.731107,647.615193,-19.892389,649.650782,-140.050158,643.196916,59.959539,0.003051,1,0
12.033000,-58.178086,203517.446528,-178.234126,205343.159950,62.047314,205052.788086,99.865843,651.006952,-20.319598,639.009105,-139.656124,645.979549,59.966028,-0.002828,1,0
12.067000,-58.166875,204652.707301,-178.135889,205428.963650,61.958393,204486.609804,100.199333,642.316449,-20.136023,641.711120,-139.972880,647.539298,59.973397,0.006250,1,0
12.100000,-58.151327,205488.682268,-178.126435,205339.004234,61.988764,204775.646555,99.897602,642.633142,-20.286721,646.002538,-139.742717,646.671253,59.971483,0.001456,1,0
12.133000,-57.867227,205413.230175,-178.256111,204175.645050,62.097284,205227.206646,100.131732,644.187036,-20.502985,647.823728,-139.935991,643.571445,59.972834,0.007010,1,0
12.167000,-58.108679,205682.099218,-178.081117,204668.536018,61.954431,205637.750308,99.508799,641.523155,-20.201888,646.095596,-139.952634,640.788833,59.967225,-0.003187,1,0
12.200000,-58.233405,206697.030820,-178.438484,205580.783241,61.812290,205757.051439,99.801307,646.448347,-20.311015,645.169070,-140.293139,650.365608,59.970716,-0.007736,1,0
12.233000,-58.248456,206470.117229,-178.002781,205200.082159,61.707868,206476.781360,99.956401,635.659116,-20.356731,643.941697,-140.439755,638.663317,59.977133,0.003216,1,0
12.267000,-58.150033,207753.597030,-178.088125,205714.133206,61.814503,204754.621392,99.991616,643.108937,-20.214510,643.945182,-140.164137,645.496151,59.968561,-0.004496,1,0
12.300000,-58.343614,205726.646971,-178.109563,207029.609420,61.796133,206207.370825,99.762120,644.649635,-20.182000,648.117995,-140.085239,647.489920,59.973747,-0.001860,1,0
12.333000,-58.144921,205183.006381,-178.168523,207253.386311,61.778900,206283.418901,99.795332,646.146129,-19.995995,644.276095,-140.297121,645.109973,59.971185,0.002082,1,0
12.367000,-58.278111,205326.232074,-178.301862,207993.056775,61.712908,206264.305778,99.654702,640.156019,-20.460474,645.179312,-139.959652,643.468924,59.965389,0.012800,1,0
12.400000,-58.278479,205835.718214,-178.195645,205902.855488,61.927311,206839.515174,99.959514,640.332526,-20.333242,647.110356,-140.040584,638.374741,59.967312,-0.013264,1,0
12.433000,-58.052044,206070.462201,-177.906389,206378.562843,61.929148,206093.212055,100.054344,639.802009,-20.046069,637.248323,-140.017586,640.128467,59.966022,-0.004947,1,0
12.467000,-58.055840,205783.261696,-178.204382,206795.109140,61.815920,206240.599992,99.947877,643.676825,-20.370004,641.359390,-140.158268,637.825673,59.962335,-0.007644,1,0
12.500000,-58.003808,206277.176471,-178.091048,205783.385842,61.932516,206704.516781,99.879729,640.004882,-20.349250,646.652835,-140.008382,646.731890,59.962587,0.003474,1,0
12.533000,-58.216076,208015.107028,-178.149036,206003.246294,61.846692,206954.168789,99.521727,647.157452,-19.980261,637.556500,-140.335933,639.356498,59.958963,-0.008086,1,0
12.567000,-58.017000,205537.582291,-178.214844,206711.742752,61.608288,207084.405931,99.948895,643.335081,-20.411598,642.126489,-140.499845,650.202164,59.963259,-0.010831,1,0
12.600000,-58.011431,205267.907241,-178.067578,204764.784283,61.915684,207110.081259,99.804044,648.869971,-20.263137,652.629482,-140.028842,647.802643,59.966432,-0.000721,1,0
12.633000,-58.154404,206182.348762,-178.325602,206092.184963,61.660640,206398.226378,100.068594,642.691102,-20.502111,644.125860,-140.271957,646.134798,59.956185,-0.003873,1,0
12.667000,-58.133295,205453.852884,-178.275393,207056.215174,61.659221,204076.153179,99.920088,649.290711,-20.127660,654.110087,-140.257372,648.459574,59.963303,-0.007745,1,0
12.700000,-58.083159,208589.387890,-178.315360,206874.734258,61.766539,206636.989852,99.890449,645.344642,-20.255242,643.022716,-140.102203,650.481509,59.980003,-0.006646,1,0
12.733000,-58.111259,207516.097160,-178.236452,205441.683601,61.828088,206824.284781,99.863778,648.942498,-20.584488,650.952605,-139.487382,636.589259,59.963102,0.017319,1,0
12.767000,-58.243325,207507.633152,-177.950768,207768.761884,61.851374,207606.766358,99.651326,645.270730,-20.108778,649.659564,-140.125413,648.009840,59.982880,0.001050,1,0
12.800000,-58.275750,206796.137996,-178.060513,207380.376613,61.788970,207739.691095,99.666055,651.922172,-19.981314,649.897086,-140.228989,645.150276,59.969655,0.003151,1,0
12.833000,-57.958339,208102.785456,-178.065602,207443.654226,61.958071,204740.342321,99.984640,640.325924,-20.163750,646.756092,-140.210004,651.689515,59.968332,-0.004301,1,0
12.867000,-57.991755,206218.206036,-177.954001,207890.704253,61.755354,207362.369067,99.992146,649.653253,-20.282669,644.003707,-139.953523,653.078385,59.968771,0.011924,1,0
12.900000,-58.169595,207189.665909,-178.013170,206291.925756,62.018026,207085.713756,99.952214,645.465837,-20.129354,645.882202,-140.142747,654.555319,59.967310,0.005432,1,0
12.933000,-57.914363,206841.460805,-178.109284,206858.514131,62.000510,207498.475309,100.026866,655.334307,-20.148176,643.891635,-140.203759,656.911435,59.967476,0.002086,1,0
12.967000,-58.103039,208140.940559,-178.050485,207398.762444,62.131933,206646.960609,99.890899,646.682281,-20.257916,645.840601,-139.964070,646.432931,59.966097,-0.002309,1,0
13.000000,-57.960769,205526.357075,-178.068791,206149.900432,61.845139,206500.246829,100.041879,651.131409,-19.964959,651.568732,-140.002244,645.939174,59.964239,-0.010298,1,0
13.033000,-58.075627,206442.071361,-178.118597,205997.614084,61.870839,205880.257135,99.991940,644.963460,-19.935567,643.972605,-140.459781,649.890692,59.970334,0.001025,1,0
13.067000,-58.213486,206167.792157,-178.207034,207114.468670,61.769976,205564.588307,99.712358,648.522196,-20.052887,650.184614,-140.250921,645.200186,59.960111,-0.001602,1,0
13.100000,-58.033140,207013.459065,-177.942082,207430.153465,61.890752,206460.579077,99.943447,656.018730,-19.944895,647.143695,-140.265457,649.752170,59.966740,0.002918,1,0
13.133000,-57.905970,208439.327438,-178.058153,207701.726350,61.859633,207212.120424,100.161780,652.071614,-20.082916,647.025148,-140.549759,648.326912,59.962044,-0.009090,1,0
13.167000,-58.120218,206599.647295,-178.147415,206236.399724,61.825679,206117.839951,99.562053,648.875768,-19.956671,655.324791,-139.991344,653.542336,59.953784,-0.003189,1,0
13.200000,-58.185908,205768.817013,-178.114324,208788.443683,62.069411,206467.618407,99.774227,658.664652,-20.178977,649.195104,-140.189094,654.676100,59.960923,0.010275,1,0
13.233000,-58.244066,207649.581255,-178.133008,205515.654189,61.834015,206522.046758,99.472770,650.576978,-19.837107,653.677324,-139.860961,655.373388,59.950945,-0.008608,1,0
13.267000,-58.148454,207244.643169,-178.111298,207379.359362,61.691366,207330.696811,99.634242,652.269248,-19.995129,645.920968,-140.230261,654.244262,59.954574,0.006218,1,0
13.300000,-58.270456,207229.851289,-177.990880,206566.898457,61.681009,208297.572836,99.765179,649.626069,-20.213548,652.362049,-140.050550,646.524987,59.957462,0.007338,1,0
13.333000,-58.200238,207664.129914,-178.342394,206914.391209,61.904856,207704.947257,99.644201,652.825285,-20.459419,650.522791,-140.053599,658.601048,59.955730,0.000290,1,0
13.367000,-58.132986,206486.375277,-178.134236,207105.994314,61.888300,207121.886247,100.064837,649.074022,-20.313716,655.929523,-140.306761,654.856527,59.953132,0.005185,1,0
13.400000,-58.158496,207044.417666,-178.147469,206429.194626,61.767651,206699.985730,99.925137,648.644812,-20.123629,651.500667,-140.390609,649.607975,59.959010,-0.013210,1,0
13.433000,-58.132569,207938.757597,-178.189368,204643.973904,61.773954,207759.954721,99.903005,651.667408,-20.420626,654.653624,-140.398381,651.724420,59.951231,-0.003335,1,0
13.467000,-58.149957,207415.432205,-178.050701,206623.105664,61.895694,207409.109081,99.680899,657.103985,-19.869546,646.565307,-140.293801,651.093916,59.953086,-0.006783,1,0
13.500000,-58.097081,207707.407986,-178.155822,208139.751951,61.838944,206938.929734,100.107955,659.686936,-20.102237,652.054025,-139.977185,655.913812,59.954300,-0.009433,1,0
13.533000,-58.125537,207011.929678,-178.091815,207819.793524,61.893419,205652.267047,99.825453,655.706226,-20.065675,659.397306,-139.904504,653.397152,59.961466,0.004628,1,0
13.567000,-58.033503,207533.725122,-178.009576,205966.211767,61.794502,206502.360385,99.999349,657.658481,-19.979084,655.723815,-140.233873,652.223179,59.956135,-0.002319,1,0
13.600000,-58.072459,209915.169876,-178.152664,207140.306004,61.980134,206789.193359,99.812612,651.427439,-20.544910,656.621951,-139.788748,650.066642,59.961816,0.006102,1,0
13.633000,-57.992803,209092.748528,-178.143913,206477.104207,62.049251,205909.487126,99.970801,653.614829,-20.226618,661.115865,-140.166444,651.436611,59.955523,-0.000410,1,0
13.667000,-58.035008,207428.460031,-177.923932,207124.167871,61.974814,205661.424110,100.402120,649.840895,-20.039088,653.680088,-140.029936,652.313850,59.952855,-0.003232,1,0
13.700000,-58.081364,209336.451703,-177.998491,208597.830442,62.046466,209464.377757,100.005417,652.497118,-20.306306,652.623155,-139.947828,659.146098,59.947512,-0.006989,1,0
13.733000,-57.902235,207217.036186,-178.053386,207948.065934,62.185246,208284.449711,99.927578,652.802715,-19.867786,650.481276,-139.853023,649.586506,59.951768,-0.002218,1,0
13.767000,-57.881120,208718.655416,-178.207624,207214.818101,62.012707,207158.068342,100.378884,660.332671,-20.036695,651.198856,-140.044295,652.123847,59.950425,0.000852,1,0
13.800000,-57.891247,206897.664349,-177.830791,208339.839215,62.009758,207833.170763,99.723893,655.630163,-19.833960,654.921637,-139.621226,653.784500,59.945122,-0.000106,1,0
13.833000,-58.086514,208272.087668,-177.975598,208806.135716,61.849859,207610.652675,100.133254,649.908556,-19.941118,655.323347,-140.026924,652.749975,59.947029,-0.001962,1,0
13.867000,-58.001211,206663.262040,-178.060599,207515.934195,62.104294,206407.285608,99.939873,655.266400,-20.074122,657.620783,-139.745630,655.433261,59.946241,0.006865,1,0
13.900000,-58.052588,207428.312662,-178.078674,209183.444872,61.885594,206173.456051,100.243876,654.275317,-20.048976,646.067966,-139.741851,652.811551,59.945944,0.006202,1,0
13.933000,-58.035561,207248.393012,-178.071988,207256.912894,61.966203,204170.867928,99.823843,654.272857,-19.784050,660.815080,-140.204436,657.265560,59.947937,-0.001652,1,0
13.967000,-57.969358,206896.346712,-178.089038,207510.608436,62.060197,208430.383029,100.122870,661.662696,-19.969484,655.783437,-139.949404,649.161082,59.952301,-0.008395,1,0
14.000000,-57.932059,207087.157754,-177.918921,207868.825636,62.016861,207737.178037,99.848825,662.072807,-19.823322,654.061372,-139.744908,655.189357,59.953094,0.004644,1,0
14.033000,-57.955037,207833.568984,-177.928574,206542.741821,62.073828,208227.694998,100.130736,658.357107,-19.807001,651.731075,-139.935766,652.209862,59.940981,0.009147,1,0
14.067000,-57.818370,206001.049228,-178.005676,206663.010106,61.935123,208061.870870,100.150518,650.199562,-19.824590,651.964193,-140.193061,649.871005,59.941493,0.007927,1,0
14.100000,-57.932257,208377.371414,-177.946860,207496.333627,61.915749,206984.486671,99.800294,657.078066,-20.020528,656.137674,-139.982024,646.155050,59.943081,-0.014478,1,0
14.133000,-57.897779,206338.348307,-177.952773,206532.194573,62.050360,206649.544348,100.111247,652.830826,-19.977640,654.933547,-139.701519,658.011667,59.943719,-0.014085,1,0
14.167000,-57.943301,208777.240831,-178.065799,208759.923802,61.908711,206363.214755,100.273157,649.508599,-20.035591,662.599130,-140.043969,655.268832,59.946709,-0.004768,1,0
14.200000,-57.847428,206728.413581,-177.857518,207639.959489,62.009684,208540.402101,100.153026,647.478580,-19.898022,654.331235,-140.032197,660.452929,59.945555,0.002553,1,0
14.233000,-57.974574,206510.976143,-177.918761,207238.068330,62.201568,206757.314929,99.850099,657.259206,-19.861050,653.678901,-140.006219,655.199185,59.941333,0.003418,1,0
14.267000,-57.890763,207668.321651,-177.618228,206193.614868,62.102857,207879.868314,100.204869,657.547881,-19.468704,659.347145,-139.946404,652.015798,59.950338,-0.000727,1,0
14.300000,-57.858423,207614.896492,-177.870830,207040.244353,62.131482,207015.116918,100.249853,659.565039,-19.967593,655.485504,-139.919010,656.487705,59.942247,-0.000695,1,0
14.333000,-57.869484,209758.388461,-178.003326,207822.401839,62.102349,208616.966241,100.195585,655.178460,-19.740501,648.710375,-139.881151,656.257719,59.951493,0.005726,1,0
14.367000,-57.902896,208777.896678,-178.045975,207879.269684,62.053964,207076.276079,100.063560,655.913994,-20.000801,657.397032,-139.740352,648.698303,59.953764,-0.003819,1,0
14.400000,-58.197874,208839.686338,-178.090180,208178.876325,61.969867,206948.108775,99.860699,653.401358,-20.260987,656.862276,-140.030247,653.926269,59.951732,-0.006295,1,0
14.433000,-57.896332,207957.085519,-177.940282,209173.837837,61.900081,208971.697045,100.038900,652.574671,-20.103999,659.802801,-140.120654,652.595597,59.953867,-0.007254,1,0
14.467000,-58.073762,209192.307214,-178.030835,208367.598422,62.030692,208471.128475,100.242505,649.084734,-19.722087,651.094094,-140.228968,652.278891,59.965172,0.016991,1,0
14.500000,-58.172170,207684.402194,-177.795558,208029.711612,62.264865,206042.813686,99.908152,648.089619,-19.700396,652.208007,-139.873757,655.550821,59.953048,-0.003572,1,0
14.533000,-58.012090,209546.591191,-178.008852,209100.696933,62.092853,206461.270047,99.947462,660.303628,-19.926263,652.605019,-139.711372,649.571363,59.951414,-0.001746,1,0
14.567000,-58.113393,206215.987558,-177.934589,206746.097864,61.862243,209124.311547,99.858737,650.511962,-20.112979,651.551116,-140.182900,650.152422,59.952741,-0.011188,1,0
14.600000,-57.783982,208133.633616,-177.948160,206592.510881,61.862412,207607.070944,100.006995,657.509345,-19.662184,656.697094,-140.368364,650.056265,59.954014,-0.007465,1,0
14.633000,-57.877601,207982.357623,-178.089132,208115.565073,62.078372,207504.987864,99.955687,653.208469,-19.950569,652.614583,-139.834588,646.829928,59.951023,-0.009773,1,0
14.667000,-57.961418,208576.861937,-177.935397,205330.887747,61.915386,207714.488309,99.982460,654.828586,-20.163263,657.174345,-139.997848,648.055225,59.942815,-0.004348,1,0
14.700000,-58.015957,208182.320019,-178.108649,207478.458363,62.008587,205577.726983,99.762955,651.046589,-19.939495,656.805637,-140.147542,655.448610,59.952023,-0.007335,1,0
14.733000,-58.123151,206881.451276,-177.957168,207024.233110,61.961169,207634.320128,100.000256,654.951060,-19.770361,652.153058,-140.108450,645.056797,59.946091,-0.002627,1,0
14.767000,-57.998202,209082.225030,-177.956449,207953.958871,61.728229,207539.582202,99.931148,646.863832,-19.959900,653.864710,-140.193818,646.703615,59.935442,0.003287,1,0
14.800000,-58.216041,208880.954433,-178.228891,207988.164911,61.940482,207593.125800,99.469406,645.083935,-20.405390,648.005566,-140.057075,652.751144,59.942834,-0.004091,1,0
14.833000,-58.274252,208930.728398,-178.128563,207661.347261,61.945974,207578.914668,99.639815,649.005815,-20.310820,651.236863,-139.653396,647.307307,59.945648,0.003108,1,0
14.867000,-58.131858,206012.844983,-178.053799,207136.670016,61.983524,208000.698144,99.794016,645.856091,-19.845967,650.488467,-140.029000,643.159881,59.940740,-0.011828,1,0
14.900000,-57.995572,209415.010246,-178.020966,208291.995237,62.025543,207142.580303,100.245152,652.525853,-19.841797,639.338818,-139.915811,643.809557,59.940171,0.002296,1,0
14.933000,-58.014495,207092.146203,-177.941388,208838.858524,61.861118,209337.513755,99.845703,649.054286,-20.112261,649.218793,-140.134964,644.036287,59.946408,0.009142,1,0
14.967000,-58.239340,207824.464024,-178.313541,207998.701678,61.902757,207168.530148,99.829243,647.755010,-20.209987,645.769020,-139.787297,648.333470,59.954482,0.008633,1,0
15.000000,-58.011025,207668.643430,-178.193193,207066.354612,61.981718,206873.131837,99.969516,647.642315,-20.270616,655.128493,-140.017554,645.544226,59.943906,-0.000855,1,0
15.033000,-57.900524,208066.255194,-178.030335,206763.463013,62.027314,208700.106297,99.922458,643.454952,-19.968585,646.922943,-139.942455,641.868848,59.951249,-0.002426,1,0
15.067000,-58.304989,208026.970510,-178.175833,207879.546608,61.958348,207598.388720,99.789097,644.796490,-20.263019,639.615382,-140.079318,641.158741,59.945165,0.008232,1,0
15.100000,-57.972560,206731.103984,-178.139567,207494.716333,61.830589,208014.837227,100.068746,649.442757,-20.189072,642.162170,-139.885370,641.068490,59.946623,-0.013947,1,0
15.133000,-58.080357,207236.975914,-177.998494,207985.734179,61.869617,206813.150288,99.941980,639.943711,-20.278550,643.884025,-140.071299,643.615949,59.958365,-0.010458,1,0
15.167000,-57.886585,206241.915134,-177.908087,208718.078256,61.806087,209946.502208,99.869462,640.878780,-19.607041,642.635460,-139.888407,638.725581,59.950864,-0.007543,1,0
15.200000,-58.050610,208443.739503,-178.075478,208980.266606,61.819256,208645.274724,99.757560,643.400284,-20.174343,640.251951,-140.158205,644.547242,59.948745,0.011060,1,0
15.233000,-58.086628,207403.048861,-178.099000,206551.423514,61.975259,208083.147578,99.799796,640.502215,-20.154522,655.130410,-139.888170,644.395316,59.954117,0.011160,1,0
15.267000,-57.991197,206493.665768,-178.059697,206976.309483,61.859108,208581.455738,99.946097,635.083056,-20.039974,641.619090,-140.099204,640.742935,59.955521,0.007279,1,0
15.300000,-57.920480,208644.053188,-178.068728,207574.315545,61.986321,208100.274260,99.945631,640.129343,-19.991154,638.922990,-140.132136,642.996556,59.946077,0.004245,1,0
15.333000,-58.064776,206880.525659,-178.052981,208528.702374,61.981457,208665.717136,99.883126,637.849265,-20.196606,646.261334,-140.390674,639.208033,59.953429,-0.014168,1,0
15.367000,-57.960895,207265.684975,-177.860191,208284.081015,61.854702,206956.586686,100.077230,638.857190,-20.096726,640.376939,-139.975635,644.852817,59.951961,-0.011572,1,0
15.400000,-57.790906,207582.750878,-178.014424,207455.702400,61.872903,208106.812568,99.953202,641.152160,-19.924380,640.630309,-140.074621,634.709700,59.954782,-0.000229,1,0
15.433000,-58.189623,208669.167914,-177.984119,208019.232913,61.872884,208829.480159,100.016087,635.521652,-19.799672,638.422185,-140.250604,642.589077,59.958255,-0.002387,1,0
15.467000,-58.110708,206339.953990,-178.033067,206727.268675,62.099806,208336.755928,99.887520,639.439497,-19.943412,633.482654,-139.877893,639.609783,59.957625,0.010002,1,0
15.500000,-58.285631,209783.800102,-178.153476,207346.781295,62.037881,206906.207021,99.598681,639.257082,-20.745635,642.207748,-140.021727,646.367561,59.962108,-0.004251,1,0
15.533000,-57.982855,206185.262624,-178.086914,207861.534618,62.158175,206863.232041,100.014904,640.143706,-20.156571,640.129933,-139.859692,631.098672,59.963420,-0.011325,1,0
15.567000,-58.038857,208459.471685,-178.164821,206146.487075,61.766441,206323.560805,100.046361,636.319952,-20.231756,638.085843,-140.453165,648.743436,59.958068,-0.013005,1,0
15.600000,-58.020164,208718.162940,-178.014363,206912.134209,61.861732,208001.063880,99.826015,647.859882,-19.959712,645.757834,-139.924129,648.894343,59.955774,-0.005408,1,0
15.633000,-57.962681,208673.023137,-178.198657,209478.626745,61.866946,207960.815790,99.853081,644.193236,-20.180467,643.150334,-140.091245,648.840535,59.949393,-0.004695,1,0
15.667000,-57.871374,206165.272976,-177.972271,207816.262459,61.979751,208360.476672,100.206914,642.924465,-20.171333,641.029705,-140.157840,645.231724,59.955217,-0.007363,1,0
15.700000,-57.843805,209875.335202,-178.135111,208091.349786,62.029777,209360.514238,100.210954,649.381736,-19.920500,645.664931,-140.061533,644.564503,59.953582,0.001192,1,0
15.733000,-57.944666,208032.687803,-177.987248,209712.578745,61.984546,207258.130167,100.041579,643.274747,-20.205734,647.510976,-140.066871,642.823560,59.956491,0.002990,1,0
15.767000,-58.108156,209350.767482,-177.995444,207817.095890,61.970957,207829.763475,99.812380,640.598981,-19.787543,633.842227,-139.857867,642.540897,59.953033,-0.008783,1,0
15.800000,-58.106564,208483.228034,-178.162094,206229.208011,61.929074,209192.486704,99.858612,647.507468,-20.320600,642.476553,-140.028736,645.655856,59.949563,0.001940,1,0
15.833000,-58.005576,207635.926760,-177.909781,206534.426521,61.954630,206992.892328,99.994622,639.046084,-19.887131,647.440996,-140.024228,642.404257,59.952752,-0.010762,1,0
15.867000,-57.999534,208083.113253,-177.982479,207986.199987,61.945390,207846.529412,100.057413,645.941493,-19.766561,647.561976,-140.308636,641.493567,59.959241,0.002937,1,0
15.900000,-57.788741,208060.930803,-178.009552,208156.192167,62.174430,209291.255173,99.946248,644.186380,-19.976626,643.305598,-139.709135,648.045673,59.955088,0.003835,1,0
15.933000,-58.045354,207821.294433,-177.987329,206582.119825,62.115880,208039.273170,100.106189,651.340157,-20.170555,650.840514,-139.933686,648.234121,59.963417,0.007336,1,0
15.967000,-58.013208,208034.148920,-177.981533,207786.299791,62.050939,208618.726983,99.798943,644.414613,-19.989205,643.518777,-140.165347,646.175807,59.954980,-0.001714,1,0
16.000000,-58.395240,206252.964884,-178.057441,206571.746549,62.135667,207037.528164,99.582220,641.117044,-20.163107,650.390572,-139.746045,641.365252,59.961529,-0.002835,1,0
16.033000,-57.945373,208649.576565,-177.999226,209220.169972,61.993297,207517.000599,99.999003,639.216410,-20.009571,639.954704,-139.899103,639.938435,59.954204,0.003893,1,0
16.067000,-58.068505,205975.424645,-178.082986,207270.711338,62.132464,207777.367543,100.103498,646.819180,-20.144081,643.076669,-139.719241,645.430344,59.954222,0.002080,1,0
16.100000,-58.133211,206303.688745,-177.981345,207128.969648,61.981911,206922.365972,99.711043,639.516444,-19.976801,643.634221,-139.908888,638.453485,59.947212,0.002673,1,0
16.133000,-58.108984,206548.961594,-178.108307,207301.017588,61.991912,205639.760151,100.147331,641.009943,-19.707955,646.794806,-140.271170,647.359531,59.958692,0.012493,1,0
16.167000,-58.022766,206260.653662,-178.078004,207134.292087,61.957413,207876.240409,99.941567,639.094771,-19.850174,648.452232,-139.994110,641.293893,59.955151,0.005346,1,0
16.200000,-58.021350,207833.947194,-177.919627,206500.720543,61.839145,206820.979818,99.807848,640.598329,-19.748280,644.630963,-140.083410,648.410343,59.960619,0.005780,1,0
16.233000,-58.158923,206361.725450,-177.956599,208116.308758,62.225853,208276.986514,99.715946,645.312531,-19.914408,641.944715,-139.544464,646.349723,59.958496,0.001509,1,0
16.267000,-58.013328,207567.432280,-178.154674,207380.200796,61.929943,208832.859090,100.003550,636.465063,-19.790347,635.942115,-139.912423,640.920722,59.961529,0.001318,1,0
16.300000,-57.932261,208680.419957,-178.048756,208422.852573,61.968132,207614.756486,100.007538,637.818067,-20.235659,645.688954,-139.945399,638.873233,59.960380,-0.003375,1,0
16.333000,-58.034957,206711.313831,-178.211371,207516.746602,61.797170,207965.024972,99.914462,639.103940,-20.298685,636.418590,-140.430263,644.794842,59.955690,0.002969,1,0
16.367000,-58.098200,208464.079187,-177.995397,209077.436242,61.907103,208067.404095,99.887797,639.328563,-20.256447,643.503340,-140.007260,634.583026,59.956185,0.010868,1,0
16.400000,-58.303965,208868.709652,-177.980578,206736.665573,61.981828,207858.762260,99.595670,639.391975,-19.782397,636.965730,-139.701387,642.226367,59.962264,0.001601,1,0
16.433000,-58.244798,207745.013963,-178.082209,208627.877674,61.759653,208900.558882,99.482883,642.354994,-20.031136,637.596042,-139.815990,638.956898,59.960931,0.004541,1,0
16.467000,-57.967769,208719.648921,-178.065396,207613.433405,61.863345,207766.021465,99.894176,646.977238,-19.850392,635.038262,-140.267504,644.686805,59.959712,-0.005176,1,0
16.500000,-58.018190,207965.464389,-178.420876,208098.826681,61.819734,206735.657821,99.839039,645.725893,-20.521940,638.064162,-140.179717,637.143619,59.965742,0.000576,1,0
16.533000,-58.051521,208690.010206,-177.992353,207128.133960,61.975463,208371.595159,99.847060,639.039833,-20.107061,644.136647,-139.712876,649.378758,59.964771,0.005718,1,0
16.567000,-58.235888,208460.018698,-177.907337,207722.936004,61.943521,208615.882341,99.709134,639.993211,-20.011554,651.836983,-140.267075,644.856547,59.954812,0.001960,1,0
16.600000,-58.051998,207783.098526,-177.875392,205999.435922,61.840376,206140.237510,100.085565,643.254914,-19.867967,639.639269,-140.072879,641.659331,59.955860,0.002109,1,0
16.633000,-58.217006,207768.617338,-178.204584,208652.231476,62.069244,207112.098617,99.486989,637.254958,-20.185761,639.076386,-139.656674,645.625746,59.968868,0.009858,1,0
16.667000,-57.956329,207943.029671,-178.117077,208239.061953,61.821587,207946.285838,99.999359,648.093697,-20.050251,644.567037,-140.173434,643.372284,59.946894,0.001375,1,0
16.700000,-58.077251,208877.139273,-178.078323,207963.731472,61.967213,207970.332154,100.162391,647.011763,-19.871276,646.872741,-139.871980,647.249091,59.953932,0.004000,1,0
16.733000,-58.066962,207262.033133,-177.978473,207857.453993,61.792378,206280.322736,99.602604,652.894465,-19.767572,645.581107,-140.231403,645.661332,59.948500,0.011751,1,0
16.767000,-57.988036,208622.955720,-178.028133,207976.636363,61.512957,208018.668385,99.643680,649.300839,-19.930539,652.141181,-140.551102,643.557436,59.953663,0.005681,1,0
16.800000,-58.025349,207227.986504,-178.067426,207428.458395,61.926185,207111.774976,99.910039,648.753987,-20.079598,649.525932,-140.141403,648.738315,59.952958,-0.001513,1,0
16.833000,-57.949218,207070.432898,-177.920319,206604.761461,61.960563,207867.784263,100.209006,645.711096,-19.907272,636.324884,-140.055379,645.716863,59.947445,-0.000187,1,0
16.867000,-57.835497,208705.825684,-178.039636,206568.187961,62.002306,207066.574645,100.161154,643.732565,-19.990558,645.084392,-140.083955,643.700194,59.951213,0.002331,1,0
16.900000,-58.046823,207420.090620,-178.097347,208154.296354,61.914347,206824.586615,100.003826,642.331630,-19.811066,645.303976,-140.106891,644.395118,59.953123,-0.001750,1,0
16.933000,-58.057310,206720.475694,-177.997682,206355.239421,61.882890,206710.558112,100.182160,642.935077,-20.314706,648.190765,-140.075174,647.552132,59.961520,-0.002737,1,0
16.967000,-58.162091,207548.430656,-178.375379,207775.666968,62.068129,208606.960007,99.998177,648.017203,-20.303927,633.464183,-139.860965,643.674805,59.959146,0.002453,1,0
17.000000,-58.089295,207351.637518,-178.036526,207828.032198,62.054535,207988.325680,99.810535,642.177735,-19.997363,642.769613,-139.771891,643.404347,59.956685,0.007415,1,0
17.033000,-57.932675,206219.483088,-177.943888,208264.655811,61.903332,207534.829847,99.959047,640.209047,-19.676689,646.648434,-140.113223,643.946529,59.955759,0.010462,1,0
17.067000,-57.979440,208327.871177,-178.115974,207791.503742,62.016869,207077.047383,100.109066,649.423624,-20.252776,644.068119,-140.209182,645.727047,59.956988,-0.007011,1,0
17.100000,-58.100407,206268.955813,-177.941687,207960.305492,62.026030,207809.463239,100.173273,646.016530,-20.174018,635.819385,-139.883678,640.944358,59.955014,0.004638,1,0
17.133000,-58.102035,206040.837934,-178.004087,207457.317627,61.964838,204627.793920,99.927127,644.597824,-20.295949,642.906750,-139.709660,643.752416,59.952071,0.004716,1,0
17.167000,-58.075241,207528.847712,-178.087266,207083.701726,62.030433,205039.307802,99.981741,649.449740,-19.759711,640.724653,-139.962142,645.643258,59.952798,0.001449,1,0
17.200000,-58.083982,205709.990295,-177.937165,206380.742886,61.759484,206283.264903,99.725994,638.798723,-20.029256,638.094589,-140.323285,642.764898,59.947638,-0.004528,1,0
17.233000,-58.209833,205702.248790,-178.007129,207930.500240,61.885083,206790.099130,100.019369,638.624671,-20.152728,635.630965,-140.226694,640.471466,59.950360,-0.013675,1,0
17.267000,-58.010584,205395.667423,-177.928728,208930.107897,62.000175,205269.583012,99.931534,641.829642,-19.809241,637.548018,-139.821892,637.674971,59.953765,0.001824,1,0
17.300000,-57.979616,205418.611031,-178.111032,207794.083266,61.830747,206739.395069,100.285859,643.120732,-20.129700,640.318060,-140.221624,643.514383,59.958829,0.003927,1,0
17.333000,-58.001720,205926.281089,-178.013182,206804.404856,61.873164,206482.754647,100.127834,645.354720,-20.007505,634.296070,-140.059847,634.327002,59.950074,-0.004492,1,0
17.367000,-58.039118,207677.072096,-177.879455,207153.834915,62.012749,205825.754846,99.989460,637.528406,-20.016600,634.829839,-140.168565,637.856043,59.961213,-0.004281,1,0
17.400000,-58.158011,205894.977723,-178.040935,207715.129677,61.953424,205612.653923,99.842474,641.959042,-20.062491,631.000160,-140.165546,636.200421,59.953024,0.008720,1,0
17.433000,-57.891646,206274.430817,-177.961375,206888.890727,61.969577,206915.797218,100.499928,643.372429,-19.911312,644.975847,-140.143669,642.359760,59.963069,0.003269,1,0
17.467000,-58.194825,207486.962538,-177.996152,205951.665196,61.882538,207438.781485,99.703232,641.170205,-20.107924,642.161977,-139.934961,642.008889,59.960761,0.005603,1,0
17.500000,-58.023294,206797.595814,-178.026821,206782.039933,62.036327,207016.494387,100.116739,645.902400,-19.910460,644.583349,-139.991755,642.471202,59.957345,0.001560,1,0
17.533000,-58.164824,207507.957085,-178.128974,205092.365192,61.859790,206654.757722,99.502282,641.276306,-19.989708,636.489830,-140.082220,640.918507,59.957336,0.000263,1,0
17.567000,-58.082794,207267.078032,-178.124182,206295.447217,61.778373,207390.030443,99.912853,639.845316,-20.082821,639.760521,-140.222645,639.013507,59.960110,0.000949,1,0
17.600000,-58.012024,207795.639493,-177.871927,205623.623842,61.910596,208167.332261,100.168195,644.918799,-19.638482,640.766587,-140.082517,640.861980,59.954143,0.004445,1,0
17.633000,-58.215556,205915.854304,-178.045177,205256.075375,61.756359,207171.880621,99.808471,643.223483,-20.175866,639.376756,-140.232826,638.162617,59.957475,-0.004999,1,0
17.667000,-58.064640,206563.683309,-178.139591,206660.434114,62.038787,206671.200571,99.876637,638.940176,-20.064241,634.691960,-139.782698,639.172286,59.954240,0.006716,1,0
17.700000,-58.074104,207565.506809,-177.970173,206521.630952,61.975886,207726.167405,99.416715,642.618690,-19.938169,634.911841,-139.516930,640.143636,59.957798,-0.002411,1,0
17.733000,-58.150317,205019.675264,-178.219342,207355.809365,61.893102,205764.564428,99.845352,646.022194,-19.970232,643.555596,-139.984830,643.502247,59.960886,-0.007452,1,0
17.767000,-58.072257,206689.677808,-177.964559,207785.053002,61.844047,207262.679249,100.086266,638.179729,-19.574919,639.492853,-140.244402,642.081579,59.958932,-0.008290,1,0
17.800000,-57.964908,207152.224148,-177.951317,205875.915235,61.975320,208129.542642,99.895524,641.530265,-19.847213,641.259637,-140.216646,639.051056,59.962531,0.014041,1,0
17.833000,-58.036472,206197.663365,-178.023190,205264.467460,61.970744,206161.226323,100.047010,637.089239,-19.819926,632.326405,-139.979916,640.201774,59.955383,0.000835,1,0
17.867000,-58.106263,205612.956989,-178.138301,209140.710738,61.950563,207234.054506,100.072006,638.558236,-19.751870,634.966454,-140.165804,639.336249,59.962289,-0.000025,1,0
17.900000,-57.789584,206151.813476,-178.059183,205078.364521,62.042113,206509.340666,100.321914,640.688288,-20.157065,644.025922,-139.963060,646.299413,59.962936,-0.000410,1,0
17.933000,-58.060660,208305.728007,-177.952999,205999.520721,61.715257,205627.956772,99.781159,635.275925,-20.003944,646.401095,-140.279434,637.978731,59.971103,0.003089,1,0
17.967000,-58.144324,207087.781121,-178.041549,206404.654414,61.916805,207533.386022,99.811385,629.917975,-19.933293,641.212313,-140.321505,637.162756,59.966165,-0.012766,1,0
18.000000,-58.072021,206730.435359,-178.012184,204697.996570,61.891182,205917.480179,99.661493,642.483063,-20.071233,637.049129,-140.361846,638.749337,59.965172,-0.000758,1,0
18.033000,-58.040799,206770.953973,-178.245842,205902.579075,61.795103,206237.202374,100.005938,638.776886,-20.334394,639.966204,-139.811959,647.965828,59.960630,-0.003655,1,0
18.067000,-57.971446,206284.980969,-178.173651,206420.828266,61.968914,205331.116608,100.076280,638.442340,-20.110047,644.851362,-139.818513,643.404793,59.960026,0.001492,1,0
18.100000,-58.015063,204821.096459,-178.267555,205488.319188,61.952776,205632.097413,100.303351,637.110365,-20.223102,649.652570,-139.962916,632.346123,59.959864,0.010951,1,0
18.133000,-58.051672,206194.887303,-178.047449,207601.663760,61.826748,206922.445881,99.905324,642.027275,-19.836838,641.153258,-140.359305,642.032235,59.965387,-0.005545,1,0
18.167000,-57.902051,205434.271078,-177.981467,207689.792123,62.052744,206229.334315,100.223320,644.593092,-19.964645,635.425065,-140.003194,639.965511,59.966689,0.001188,1,0
18.200000,-58.299147,206227.566213,-178.013776,207335.156194,61.897070,206042.077039,99.821397,643.796339,-20.223138,640.161588,-139.864061,637.797687,59.965176,0.000071,1,0
18.233000,-58.155244,206814.196938,-178.298949,205406.468577,61.794440,207392.046505,99.648841,639.239166,-20.394318,644.229870,-140.100669,638.101257,59.956402,-0.003882,1,0
18.267000,-58.066428,206931.397926,-178.190296,205754.122119,61.737362,205792.921715,100.087106,645.584118,-19.907120,644.764110,-140.489942,640.544665,59.963426,-0.008640,1,0
18.300000,-57.986576,207219.131374,-178.255926,205863.477248,61.859277,206973.564113,100.261085,640.197585,-20.201192,643.642034,-140.055467,639.529636,59.956224,0.003099,1,0
18.333000,-58.101490,208254.756978,-178.056003,206407.502221,61.844518,207718.233957,99.682263,642.136011,-20.017180,641.905332,-140.089298,640.990771,59.960952,-0.008036,1,0
18.367000,-58.312137,206075.912607,-178.136130,206545.186213,61.768740,206422.261405,99.791227,642.444758,-20.187600,647.474176,-140.087444,645.400414,59.961802,-0.006474,1,0
18.400000,-58.247033,205072.454988,-177.993222,207638.482368,61.941556,205530.372364,99.566796,643.720364,-19.815150,648.401748,-139.963192,644.576582,59.971580,0.003093,1,0
18.433000,-58.223623,206750.103144,-178.234585,206093.800008,61.727948,205569.376594,99.798459,644.418635,-20.087229,639.623122,-139.918810,645.328057,59.973241,-0.001708,1,0
18.467000,-58.145300,206558.093060,-178.310795,205656.663022,61.874557,208223.766330,99.774651,638.714963,-20.161779,641.663075,-139.942757,652.670666,59.959919,0.000250,1,0
18.500000,-58.141202,208774.386284,-178.318520,207576.245275,61.780179,206854.371914,99.968419,645.135072,-20.469524,641.878152,-140.345370,643.290028,59.966180,0.010341,1,0
18.533000,-58.401049,205443.368937,-178.236274,206654.759485,61.713407,207345.974340,99.477121,644.813541,-20.184544,645.718326,-140.597620,644.688027,59.956468,0.002675,1,0
18.567000,-58.261097,206184.749819,-178.093803,206431.081876,61.808929,206931.744705,99.484422,646.312230,-20.446898,649.220955,-140.092436,652.727854,59.956495,0.001762,1,0
18.600000,-58.083400,208251.826890,-178.350309,206225.238769,61.883267,207003.072968,100.042384,650.440311,-20.441823,645.021804,-140.087651,652.447234,59.963906,-0.000708,1,0
18.633000,-58.238509,206439.134014,-178.145561,208036.274545,61.604114,205538.820495,99.814218,648.273682,-20.174960,643.308032,-140.356717,644.446003,59.961049,0.012216,1,0
18.667000,-58.208202,207432.011310,-178.292331,208032.320361,61.619135,207931.553751,99.935143,648.193785,-20.216311,647.909518,-140.346275,650.879516,59.965686,0.004494,1,0
18.700000,-58.304965,207695.977650,-178.379722,206646.445013,62.000294,206502.068650,99.969374,650.278032,-20.539193,650.559593,-139.766821,650.855721,59.956358,0.013021,1,0
18.733000,-58.191118,205095.152756,-178.022646,206044.586066,61.730703,207786.837119,99.764097,644.438242,-19.809592,641.916898,-140.027545,642.756860,59.959223,0.004087,1,0
18.767000,-58.228472,207140.372446,-178.282606,205393.382052,61.988993,205147.394736,99.721930,648.955470,-20.117195,643.566630,-139.764946,641.416530,59.955317,0.013368,1,0
18.800000,-58.245006,207812.981442,-178.161833,206543.493520,61.959535,206412.725169,99.588678,649.503643,-20.231664,644.446881,-140.033251,647.554630,59.967941,0.000307,1,0
18.833000,-58.263264,206672.020392,-178.253950,207741.211757,61.963507,206655.461698,99.728750,653.206353,-20.637913,633.130568,-140.227588,640.585952,59.965399,-0.008691,1,0
18.867000,-58.141971,207555.424492,-178.184597,207761.128933,61.882837,206938.135976,99.919386,649.215809,-20.160945,652.607583,-140.109835,651.205448,59.966290,-0.012757,1,0
18.900000,-58.131514,206223.703418,-178.195698,206778.394332,61.786647,206710.736869,99.991465,652.467990,-20.344369,644.225230,-139.975705,647.658393,59.963894,-0.010285,1,0
18.933000,-58.145603,208161.451770,-178.267787,205813.243565,61.828830,206258.188356,100.041868,648.387227,-20.367576,653.260824,-140.314054,655.099708,59.972389,0.006877,1,0
18.967000,-58.046168,207595.140064,-178.040043,207397.823082,61.806164,207010.478079,100.139004,650.392944,-19.796072,650.358547,-140.218995,651.608221,59.965646,0.005363,1,0
19.000000,-57.889445,206099.917566,-178.353579,206027.782017,61.919248,207671.714169,100.356845,654.017879,-20.469337,651.915506,-140.112334,649.793606,59.956665,-0.000704,1,0
19.033000,-58.095188,207506.722268,-177.989791,207537.846600,61.810683,206987.535378,99.841723,650.673003,-19.967120,651.589561,-140.165024,650.509804,59.957831,-0.003597,1,0
19.067000,-58.167684,205458.806173,-178.227028,206913.245476,61.934493,205559.125593,100.121803,647.989893,-20.062121,654.638932,-140.148554,654.664159,59.962595,0.007185,1,0
19.100000,-58.154864,205911.871422,-178.064053,206803.323448,61.822723,207090.957527,99.758624,656.285948,-20.064101,652.768356,-139.794800,647.532221,59.964703,0.003776,1,0
19.133000,-58.273927,205696.122394,-178.163961,207436.059443,61.753501,207206.776582,99.481610,656.603156,-20.383110,647.517152,-139.955029,650.578854,59.959329,0.010469,1,0
19.167000,-58.032124,206095.568655,-178.052194,206336.637708,61.938658,206185.934170,100.088227,655.844543,-19.798614,647.910246,-139.982546,652.967387,59.965763,-0.005343,1,0
19.200000,-58.029431,204697.548406,-178.094686,205965.042696,61.960646,207556.607409,99.963959,653.094378,-20.076534,654.499526,-140.278052,649.636083,59.962369,0.001791,1,0
19.233000,-58.146396,204446.265025,-177.998341,205672.319224,62.024805,207074.291944,99.819663,651.181374,-20.121623,645.525879,-139.998080,651.092195,59.962568,-0.009293,1,0
19.267000,-57.987739,205011.637301,-178.076528,204993.649833,61.777856,206642.089932,100.014150,646.389396,-20.112009,650.710298,-140.428740,653.130717,59.959635,0.000597,1,0
19.300000,-58.083249,206390.916810,-178.108122,206578.317173,61.837250,206298.410097,99.833630,645.999209,-20.335086,652.023218,-139.922847,655.668851,59.963573,0.005357,1,0
19.333000,-57.908875,206785.182143,-178.183295,206015.631364,62.102799,207548.101704,99.915305,648.210108,-20.226518,655.931112,-139.909766,649.506397,59.960665,0.000794,1,0
19.367000,-58.120746,204619.438834,-178.165311,206162.120157,61.914952,206045.630376,100.206052,650.880069,-20.290020,647.879442,-140.295225,652.749475,59.963786,-0.004616,1,0
19.400000,-58.031675,205084.926053,-178.147809,206953.812241,61.909539,206782.115489,100.301911,653.361188,-20.363452,651.498820,-140.228474,651.320359,59.964461,-0.004094,1,0
19.433000,-58.231532,206972.618789,-178.120042,205807.826358,61.830146,206384.535791,99.717237,647.723314,-20.373548,653.335308,-140.173145,654.812747,59.960290,0.008275,1,0
19.467000,-58.112677,206436.315063,-178.246778,205786.752847,61.978171,205159.281144,99.907507,646.464986,-20.125350,652.655034,-140.070724,650.825738,59.953472,0.004975,1,0
19.500000,-57.884272,205645.222671,-178.166760,206999.673134,62.016044,204980.390320,100.343960,646.302136,-20.276140,648.750724,-140.069848,644.419458,59.957924,0.006344,1,0
19.533000,-58.169712,207444.876412,-178.098246,205888.874166,61.773304,204932.524882,99.583404,652.014865,-20.249289,652.966810,-140.252372,644.786329,59.953113,-0.009379,1,0
19.567000,-58.096178,207332.812401,-178.075152,205288.035822,61.773574,205368.422370,99.731939,652.803410,-19.997475,647.910081,-140.176127,646.354669,59.955211,0.015627,1,0
19.600000,-58.244923,206215.027102,-177.995224,206264.081612,61.675238,206505.178706,99.707181,643.601556,-20.194280,650.772644,-140.497148,653.053531,59.963332,0.003594,1,0
19.633000,-58.133165,206119.622872,-178.068300,207011.386430,61.906013,205815.105462,99.708656,646.132568,-20.355966,646.944333,-140.301478,649.095936,59.964940,0.004468,1,0
19.667000,-58.219130,205812.769037,-178.133333,205433.397128,61.931148,206720.183568,99.527970,649.607029,-20.041537,645.281385,-139.966567,644.011893,59.959675,0.002658,1,0
19.700000,-58.074820,207268.460881,-178.056112,205846.367388,61.851478,205726.475378,100.142088,651.066386,-20.250435,640.708629,-140.143045,641.003028,59.960555,-0.003576,1,0
19.733000,-58.309914,206638.251447,-178.264630,204469.195978,61.762858,205759.892005,99.563621,643.342732,-20.255030,638.534498,-140.364525,648.064845,59.960604,0.003782,1,0
19.767000,-58.009026,206714.564951,-178.174197,205767.301129,61.991772,205851.647240,99.857472,646.272980,-20.065890,651.733946,-139.748943,647.004873,59.951858,-0.017319,1,0
19.800000,-57.987745,205966.717245,-177.965004,207568.848819,61.986135,205783.878530,99.887331,646.453457,-20.122062,647.423101,-140.310182,648.289899,59.956382,-0.004804,1,0
19.833000,-58.176675,205995.946656,-177.992717,207332.041758,61.843232,205481.958050,99.668502,649.089328,-19.968561,648.120908,-140.621640,650.928872,59.953326,-0.004961,1,0
19.867000,-58.049518,206372.368016,-177.972922,204608.087125,61.948685,206811.765095,99.922137,642.174149,-19.724367,646.808747,-140.242326,638.861802,59.954073,0.008326,1,0
19.900000,-58.033350,206949.805905,-177.925380,206248.712697,61.942306,206130.926581,99.919151,648.171466,-19.615139,644.150534,-139.942906,637.499376,59.950196,0.013250,1,0
19.933000,-58.104423,206074.194678,-177.958470,204854.107169,61.963212,205122.095768,99.822620,640.190788,-19.730598,636.518763,-140.081566,637.206311,59.941135,-0.004105,1,0
19.967000,-57.768111,205784.974287,-178.020999,207457.480042,62.014836,205426.165717,100.311063,639.126683,-19.952259,642.910146,-140.072649,647.308881,59.952728,-0.000154,1,0
20.000000,-57.867716,206080.382933,-177.975844,208001.552213,61.943052,206920.937657,99.866616,645.923797,-19.795160,649.365910,-140.380354,648.462039,59.954859,-0.013587,1,0
20.033000,-57.939083,206244.217387,-178.102736,206023.790330,61.989436,206428.879870,100.150462,643.207336,-20.240179,649.835231,-140.179427,643.884280,59.946959,0.000943,1,0
20.067000,-57.861680,207382.893514,-177.992277,204857.714589,62.063552,205086.714005,100.131148,649.997050,-20.283681,647.305203,-140.049155,642.257319,59.950579,-0.000206,1,0
20.100000,-58.083992,206130.707101,-178.082827,205001.274854,62.070307,206125.309746,100.225198,640.868577,-19.766684,639.203015,-139.919376,644.275236,59.953071,-0.002181,1,0
20.133000,-58.057457,206179.992361,-177.968821,205679.273190,61.957034,205472.465365,99.896494,646.877729,-19.972552,649.990886,-139.854303,648.822604,59.943364,0.007199,1,0
20.167000,-58.087514,205762.397849,-177.941681,206128.978115,62.137475,207555.743613,99.800381,648.552188,-20.122175,650.235158,-139.813635,650.185015,59.944166,-0.009061,1,0
20.200000,-57.867125,204499.188807,-177.935317,205801.722838,61.958237,207305.707567,100.405101,645.554954,-20.070219,652.613036,-139.867457,645.235318,59.948798,-0.009012,1,0
20.233000,-57.928080,205920.257623,-177.831660,206353.839631,62.056680,207149.572048,99.999756,634.292199,-19.836218,647.754612,-139.945275,648.887750,59.950092,-0.001945,1,0
20.267000,-57.837470,205454.553840,-178.113178,205993.202937,61.991384,205727.620341,100.363925,646.272203,-20.192713,648.447320,-140.183690,644.262608,59.947765,-0.001435,1,0
20.300000,-57.913570,205790.672973,-177.996750,206466.872201,61.983986,205243.367918,100.149094,645.929897,-19.990470,648.055949,-140.097094,645.337633,59.944484,0.005318,1,0
20.333000,-57.939638,206189.705419,-177.903682,206352.011403,62.136820,205994.636951,100.078991,654.408754,-20.014977,652.025729,-139.847080,649.580353,59.938567,-0.000102,1,0
20.367000,-57.877230,206211.671989,-178.041248,205490.293619,62.158001,205819.783018,100.120276,653.236998,-20.000870,656.955119,-139.959725,655.391371,59.940730,-0.006236,1,0
20.400000,-57.845170,207896.860865,-178.039922,206370.040778,62.182086,206925.062514,100.064812,648.708906,-19.893521,654.867322,-139.741231,649.849127,59.935883,0.000577,1,0
20.433000,-58.009400,205453.460110,-177.829192,207339.138510,62.175880,204961.866584,100.330889,647.980511,-19.657928,650.773216,-140.135190,646.432447,59.943734,0.000752,1,0
20.467000,-58.055738,205082.392163,-177.868529,204222.550035,61.951177,205738.685072,99.919435,653.097772,-19.909762,654.426264,-140.437730,651.723721,59.946126,0.008897,1,0
20.500000,-57.836907,205890.878938,-177.803205,205626.055362,62.057334,205956.576708,100.397193,646.803927,-19.641631,650.921943,-139.924967,650.004687,59.946457,-0.007241,1,0
20.533000,-57.878266,205853.884422,-177.891536,204752.977300,61.958938,206204.643983,100.121709,649.306169,-20.053619,647.169159,-140.424802,649.033856,59.941669,-0.004076,1,0
20.567000,-58.019658,205648.996590,-178.060188,205763.350960,62.092971,205228.260370,100.142358,656.851949,-20.016896,649.522243,-140.110739,651.477091,59.941675,0.000711,1,0
20.600000,-57.759001,205698.091372,-177.737519,205555.489914,62.329829,205231.173287,100.073351,659.248721,-19.785847,659.654522,-139.499354,652.837950,59.938432,0.005613,1,0
20.633000,-57.771270,206253.827064,-177.680858,205991.480644,62.285357,204871.886142,100.174328,656.640639,-19.528929,652.633852,-139.558422,651.590718,59.950702,-0.007483,1,0
20.667000,-57.833807,205698.505176,-177.938604,204716.591484,62.120695,205693.454601,100.337997,649.749122,-20.136162,658.152696,-139.859546,656.585295,59.943662,-0.002340,1,0
20.700000,-57.861982,205622.296482,-177.810301,203702.072423,62.221840,205300.830139,100.282904,651.386264,-20.001486,650.887792,-139.669282,655.331215,59.954110,0.004707,1,0
20.733000,-57.874482,204957.212946,-177.842082,205028.871951,62.173324,204530.539845,100.472793,656.163627,-19.925528,655.076368,-139.656975,660.344738,59.948959,-0.010940,1,0
20.767000,-57.835012,207150.513558,-177.760440,204845.696694,62.094744,204424.992195,100.357702,651.027010,-19.759934,652.551655,-139.715797,652.368463,59.949198,-0.008793,1,0
20.800000,-57.833386,205890.077991,-177.890456,205971.248017,62.033865,206168.504952,100.077273,653.517253,-19.626815,656.889846,-140.058969,656.530580,59.959004,-0.006569,1,0
20.833000,-57.822859,205277.923862,-177.884799,204924.854933,62.241865,204127.592790,100.224620,652.443279,-19.928309,653.926354,-139.721562,654.403853,59.965386,0.000463,1,0
20.867000,-57.907573,204642.482219,-177.888931,203268.253964,62.108926,205372.589964,100.204429,654.403245,-20.031652,651.794467,-140.010409,654.792701,59.964172,-0.005636,1,0
20.900000,-57.797923,203735.170301,-177.837303,204699.579650,62.164568,205844.897357,100.302626,655.051933,-19.507569,661.318574,-139.571904,658.893216,59.954300,-0.009450,1,0
20.933000,-57.780826,205118.075274,-177.782360,205454.861473,62.371914,205179.288289,100.049988,659.144788,-19.734008,659.522526,-139.425380,656.812303,59.959636,-0.004129,1,0
20.967000,-57.872262,205646.491918,-177.851671,206282.081809,61.977206,205994.497996,100.381249,653.639462,-19.624545,664.152704,-139.973812,659.729607,59.968315,0.008871,1,0
21.000000,-57.691125,204551.219029,-177.708030,205675.520357,62.230032,203887.497616,100.415768,656.414183,-19.416715,661.075590,-139.970226,655.619990,59.965269,-0.008003,1,0
21.033000,-57.690093,204916.768980,-177.937114,205167.268734,62.204305,204423.105052,100.228320,657.701718,-19.746295,654.667897,-139.863805,660.550866,59.963821,0.004824,1,0
21.067000,-57.679372,206411.365933,-177.861038,204467.594938,62.073880,204369.896750,100.408665,648.806694,-19.572508,650.771637,-139.682637,648.620078,59.964903,0.001591,1,0
21.100000,-57.746985,204572.566832,-177.713877,204888.688503,62.221718,204672.780432,100.244135,657.243066,-19.768245,650.543077,-139.455192,648.971948,59.971875,0.002289,1,0
21.133000,-57.766579,205217.504913,-177.944338,204380.804515,62.366800,203555.144084,99.672356,657.524490,-19.860007,657.577322,-139.776216,653.688522,59.960464,-0.003199,1,0
21.167000,-57.928680,205488.912211,-177.961391,206346.636937,62.208887,204734.316805,99.948085,659.343183,-19.939767,658.251273,-139.981303,650.603131,59.953444,-0.011158,1,0
21.200000,-57.825262,204821.555219,-177.790163,204798.544021,62.040545,204310.221647,100.210964,657.935334,-20.021004,654.114252,-140.155119,649.384282,59.961930,0.008503,1,0
21.233000,-57.752594,202979.016057,-177.847616,205340.563827,62.171207,204767.536758,100.240306,651.615950,-19.742553,654.760274,-139.718691,652.317910,59.960981,-0.002468,1,0
21.267000,-57.815198,206382.002226,-177.864745,205950.312039,62.030573,205232.715924,100.195326,654.765037,-19.905290,657.770997,-139.954294,651.600162,59.962837,-0.007193,1,0
21.300000,-57.725284,204928.846836,-177.897518,205039.672567,62.138377,204478.845838,100.313363,658.004873,-19.838429,649.614134,-140.129211,650.396149,59.960687,0.005273,1,0
21.333000,-57.825823,205040.798756,-177.721989,203746.333201,62.242473,203904.862550,100.339014,654.597079,-19.759809,658.013312,-139.502773,653.117296,59.958971,0.002412,1,0
21.367000,-57.723834,205754.376640,-177.565576,204763.561472,62.301276,203027.441885,100.465669,651.819502,-19.566567,645.815072,-139.325885,654.012837,59.954675,-0.003396,1,0
21.400000,-57.874833,203734.202058,-177.899382,204480.463437,62.331954,204690.346569,100.027214,652.322063,-20.116663,663.058902,-139.531973,653.445910,59.955523,-0.006046,1,0
21.433000,-57.840262,204113.563813,-177.732843,204018.148553,62.116516,203857.933238,100.137568,652.320750,-19.810843,654.878402,-139.686951,653.120137,59.958174,0.000447,1,0
21.467000,-57.810349,204482.105672,-177.909256,206680.972205,62.013060,203462.678682,100.219073,652.327775,-20.197523,656.066280,-140.246355,650.186673,59.961065,0.010292,1,0
21.500000,-57.654467,205580.750495,-178.017386,204636.084968,62.310215,204964.062812,100.255700,645.617468,-19.746212,654.512110,-139.602254,654.886556,59.964756,0.001522,1,0
21.533000,-57.869003,204918.558883,-177.878063,205483.309308,62.307327,205378.052755,100.028018,651.377465,-19.764046,652.116363,-139.218640,652.906952,59.965189,-0.004667,1,0
21.567000,-57.928013,204786.448020,-177.598687,206415.928269,62.126696,204775.896644,99.805191,654.112826,-19.892496,656.041565,-139.897903,648.626215,59.955413,-0.001333,1,0
21.600000,-57.977788,204608.557211,-177.708138,204186.474332,62.100181,204980.372017,100.310404,654.305204,-19.635608,648.227507,-140.311195,653.944533,59.954229,0.007737,1,0
21.633000,-57.765938,205089.025431,-177.955819,204939.448883,62.099736,204028.882003,100.189047,647.997505,-19.867477,648.876021,-139.858645,658.097975,59.963609,0.008166,1,0
21.667000,-57.897044,204621.181345,-177.832333,204148.156134,62.231947,205846.094915,100.172302,654.482301,-19.786796,653.242633,-139.731101,643.644937,59.966764,-0.010558,1,0
21.700000,-57.909174,204541.567737,-177.854265,204671.656657,61.973835,205293.449121,99.908822,649.653794,-19.775779,661.082049,-140.132204,655.426072,59.966742,-0.009933,1,0
21.733000,-57.970534,204259.658019,-177.991278,203845.588317,62.248422,204303.214449,100.184697,654.414897,-19.941069,654.882427,-139.753204,655.323996,59.969708,-0.004866,1,0
21.767000,-57.865822,204371.484574,-177.921065,203175.161074,61.978453,203567.539180,100.203757,658.920749,-20.301610,656.488704,-140.090138,652.804717,59.958081,-0.000681,1,0
21.800000,-57.861760,203806.586291,-177.849827,204828.759485,62.088088,203935.038142,100.326162,651.606285,-19.743651,653.886989,-139.967785,658.505524,59.958889,-0.001403,1,0
21.833000,-57.892512,207164.050767,-177.798829,204631.771898,62.352909,204552.650641,100.307852,652.494527,-19.711248,658.202077,-139.686690,661.597754,59.952593,0.005007,1,0
21.867000,-57.927865,201617.679038,-177.911670,203947.034910,61.952005,204993.029816,99.605502,658.479041,-19.878369,655.350889,-140.356963,654.201920,59.957748,0.000436,1,0
21.900000,-57.953390,203028.744071,-177.588296,203223.305763,62.199450,204367.038506,100.136209,656.546481,-19.663374,653.777389,-139.731520,662.099118,59.958663,-0.000981,1,0
21.933000,-57.907024,204297.094552,-177.933553,204181.076994,62.215183,204010.543749,100.180050,656.153107,-20.069987,664.554956,-140.019829,653.603472,59.962679,-0.006853,1,0
21.967000,-57.769116,204837.021662,-177.921961,206008.443976,62.054673,203680.309522,100.105214,660.066006,-19.815112,656.545666,-139.843250,652.975061,59.966307,-0.005812,1,0
22.000000,-57.787151,204284.537465,-177.783372,203964.951801,62.057044,203465.124077,100.376667,660.198995,-19.990613,658.365141,-139.888397,659.084627,59.962923,-0.005759,1,0
22.033000,-57.960063,204019.051426,-177.622510,205796.511998,62.106637,203743.647117,99.983886,654.176652,-19.498138,665.452317,-140.043944,653.690872,59.964356,-0.001296,1,0
22.067000,-57.804109,202162.872874,-177.914773,203404.137888,62.187002,204856.999325,100.324971,666.509576,-19.610249,657.298402,-139.961782,662.490511,59.959671,-0.000458,1,0
22.100000,-58.014567,203131.709464,-177.844125,205069.959207,62.289369,206277.012286,100.024089,656.734375,-19.629625,660.956633,-139.903030,670.342263,59.954313,0.006362,1,0
22.133000,-57.711235,204328.954557,-177.821168,202416.642635,62.259851,204105.127448,100.201654,657.811603,-19.684032,664.385269,-139.995718,659.946452,59.957604,-0.006219,1,0
22.167000,-57.784608,202598.877361,-177.831793,204833.641041,62.122165,205788.609910,100.356865,663.901277,-19.842687,659.566114,-140.010544,654.087931,59.962769,0.000884,1,0
22.200000,-57.778629,204367.634989,-177.767084,204978.268221,62.349235,202856.285589,100.273901,669.747160,-20.036026,661.827319,-139.657425,655.751690,59.960751,0.000123,1,0
22.233000,-57.894127,202878.500919,-177.881786,202633.811073,62.081492,205012.758899,99.865952,661.530105,-19.993892,660.870607,-140.387086,662.100618,59.953758,-0.004580,1,0
22.267000,-57.863836,204755.226198,-177.635368,203719.994992,62.159136,203488.685646,100.041851,665.412452,-19.960753,657.399182,-139.432696,659.898177,59.960215,0.004177,1,0
22.300000,-57.725122,205638.247950,-177.653308,203784.084651,62.141432,204709.350957,99.898566,659.962596,-19.844381,664.408264,-139.883455,671.470378,59.957412,0.017734,1,0
22.333000,-57.646339,203328.769186,-177.762924,204183.188705,62.193755,204875.750318,100.272338,661.264272,-19.692502,660.368355,-139.777660,665.401485,59.962025,0.008839,1,0
22.367000,-57.783434,206225.534221,-177.753013,203353.341798,62.223983,202614.763484,100.132903,661.489723,-19.660444,659.808310,-139.863509,660.704985,59.957516,-0.004247,1,0
22.400000,-57.875297,203740.699009,-178.045216,204899.470935,62.094953,205241.897008,100.153558,659.813928,-20.087381,658.287152,-140.013041,661.626394,59.954557,-0.001590,1,0
22.433000,-58.004809,205203.889593,-177.828801,204048.714431,62.247434,203197.198861,100.225112,656.467751,-19.609852,662.297067,-139.779110,663.730824,59.953237,0.003449,1,0
22.467000,-57.789879,204651.672117,-177.689724,204624.500560,62.353077,206569.898030,100.049622,659.331490,-19.830341,651.123905,-139.403737,662.835089,59.951004,-0.000859,1,0
22.500000,-57.856031,206052.690181,-177.716575,202891.998569,62.164121,203150.866088,100.439720,657.279672,-19.738589,665.388777,-139.832330,662.284144,59.952444,-0.002560,1,0
22.533000,-57.715736,203681.965835,-177.698725,203323.358512,62.247045,203818.159626,100.465570,656.246219,-19.353812,659.173152,-139.751593,656.329883,59.951767,-0.005078,1,0
22.567000,-57.982101,203131.410589,-177.678415,203685.926078,62.252709,203834.803567,100.007894,660.989707,-19.575009,658.862039,-139.611418,656.989599,59.958382,-0.007436,1,0
22.600000,-57.877352,203881.516335,-177.599472,203883.022802,62.206950,204075.030509,100.200758,662.301849,-19.624930,661.501091,-139.814230,659.908762,59.958163,-0.004478,1,0
22.633000,-57.804580,205072.787315,-177.797043,203210.070859,62.104386,205137.707341,100.092687,654.793979,-19.434764,658.369978,-139.898283,656.732195,59.951513,0.005621,1,0
22.667000,-58.036736,204022.506882,-177.844021,203527.039168,62.213526,202745.710965,99.784950,658.234727,-19.721250,661.251215,-139.580223,652.185297,59.955352,-0.005026,1,0
22.700000,-57.869292,204583.128222,-177.990473,205190.772606,62.206064,203487.708963,100.398701,656.269177,-20.348217,651.209895,-139.677307,651.077378,59.959116,0.010485,1,0
22.733000,-57.821215,203245.360212,-177.905699,202638.682621,62.058967,206560.291547,100.417983,652.277829,-19.778179,655.791129,-139.920879,658.807568,59.953364,-0.006320,1,0
22.767000,-57.954505,203545.043793,-178.017082,204304.412853,62.010185,203749.973112,99.749395,654.912355,-20.230537,662.737147,-139.963247,655.444060,59.955760,-0.002772,1,0
22.800000,-57.795575,203778.806525,-178.045897,204171.796785,62.216593,203189.220615,100.024495,654.405148,-20.173025,650.857533,-139.790307,658.877171,59.953776,-0.005249,1,0
22.833000,-57.829605,203173.171507,-177.777229,203301.479027,62.152635,202758.310935,100.213902,657.373275,-19.479728,654.405385,-139.854010,654.037758,59.954875,0.018238,1,0
22.867000,-57.908989,203528.164993,-177.734357,202344.917972,62.356185,205377.361921,100.206535,654.980649,-20.036557,660.835837,-139.504933,658.340725,59.959791,-0.000907,1,0
22.900000,-57.911680,204135.483491,-177.769783,203114.084510,62.076476,203155.667456,100.158207,657.313694,-19.834499,653.737973,-140.042872,666.308685,59.956599,-0.000447,1,0
22.933000,-57.707261,203897.001923,-177.763061,202126.096676,62.208620,203374.662554,100.369169,649.625124,-20.143352,658.842027,-140.012798,659.030733,59.953587,-0.003521,1,0
22.967000,-57.857199,203252.607942,-177.869324,203647.693071,62.198829,202615.450690,100.130752,657.999539,-19.813031,653.329319,-139.774334,650.614541,59.951143,-0.002905,1,0
23.000000,-57.552279,201853.983286,-177.758453,201946.503279,62.333928,202463.158890,100.499903,653.771588,-19.664898,651.860611,-139.618585,654.202013,59.951041,-0.004136,1,0
23.033000,-57.612516,204664.834640,-177.650518,202484.390976,62.279601,204007.642440,100.783786,658.083805,-19.681845,657.270074,-139.747504,661.012553,59.943983,0.000289,1,0
23.067000,-57.500437,203651.728359,-177.708785,202008.062553,62.212784,203209.324012,100.639471,652.810783,-20.230043,652.268120,-139.955590,653.089281,59.957238,0.006133,1,0
23.100000,-57.719833,204749.286304,-177.633158,202910.355270,62.305588,204221.351210,100.341467,656.676947,-19.674896,662.863332,-139.730731,657.986604,59.948401,-0.003634,1,0
23.133000,-57.748409,203917.103852,-177.723218,202269.782520,62.367433,201459.960443,100.338025,659.211664,-19.866289,660.404931,-139.911763,659.641058,59.951653,-0.014805,1,0
23.167000,-57.833641,202713.021328,-177.747056,204702.429162,62.245410,204105.160191,100.365956,653.986451,-19.722263,662.167204,-139.470233,661.045728,59.952340,-0.011372,1,0
23.200000,-57.766660,204138.666724,-177.788471,203460.539331,62.292095,203491.985674,100.054888,650.963630,-19.738175,655.887716,-139.725402,662.751721,59.954877,0.000519,1,0
23.233000,-57.879552,203597.675341,-177.817265,203022.432484,62.349006,203033.618078,99.629337,662.469438,-19.766642,662.554052,-139.894169,661.642237,59.952692,-0.010795,1,0
23.267000,-57.704309,202428.514398,-177.832463,204259.040251,62.136045,203870.733111,100.450820,656.771102,-19.553180,660.724890,-140.047348,657.355268,59.953548,-0.003178,1,0
23.300000,-57.819882,203005.767766,-177.809570,201353.241230,62.266773,201958.949173,100.451575,658.511228,-19.807748,657.397835,-139.659240,658.678641,59.947516,0.002481,1,0
23.333000,-57.674110,201728.774940,-177.823949,203082.661125,62.332210,202293.022276,100.291493,652.945672,-20.161461,656.395481,-139.640297,656.355839,59.951359,-0.002319,1,0
23.367000,-57.573292,202401.486850,-177.751264,203412.044366,62.435478,203300.101249,100.660578,647.081496,-19.732886,654.260809,-139.612426,659.855404,59.955875,-0.010235,1,0
23.400000,-57.824175,204269.757765,-177.575536,204124.397196,62.201206,202292.456782,100.170042,654.729808,-19.726473,651.220371,-139.531933,655.641388,59.962800,-0.004891,1,0
23.433000,-57.811289,203706.963295,-177.845835,203618.057177,62.070447,203531.669629,100.484530,652.199987,-19.608725,656.234224,-139.655813,663.505166,59.965577,0.009283,1,0
23.467000,-57.742026,204129.338698,-177.653141,204407.128228,62.201276,203170.303621,100.251523,652.299832,-19.638535,655.736498,-140.105345,656.005058,59.965348,-0.004568,1,0
23.500000,-57.732167,201044.467777,-177.780188,203491.014485,62.095901,204565.585028,100.448094,657.777718,-19.748307,654.021633,-139.794532,662.491918,59.964480,-0.006248,1,0
23.533000,-57.825260,205403.820227,-177.820208,203774.797391,62.333713,203102.090562,100.110691,657.457185,-19.758310,653.597011,-139.393588,654.570092,59.964267,-0.006180,1,0
23.567000,-57.613155,203556.011361,-177.684718,203765.240153,62.408304,201597.870226,100.459479,656.867770,-19.365056,654.055823,-139.339535,663.048333,59.963772,0.004991,1,0
23.600000,-57.772975,204741.090597,-177.614446,203741.340533,62.364546,201749.643398,99.935389,655.861007,-19.716779,656.610265,-139.364466,660.754204,59.957251,-0.011471,1,0
23.633000,-57.747224,203585.198441,-177.971974,203643.085902,62.141290,203755.258530,99.893539,656.992073,-19.719012,652.149270,-140.213563,648.742580,59.956671,0.010806,1,0
23.667000,-57.765325,203934.106321,-177.886325,202879.001236,62.157179,203713.126437,100.225456,656.460310,-19.953692,661.059751,-139.886923,652.791602,59.970477,0.000128,1,0
23.700000,-57.820516,201916.795051,-177.767474,202999.201218,62.094703,201235.096342,100.111985,657.210163,-19.710910,652.906060,-139.897783,653.801246,59.961601,0.002783,1,0
23.733000,-57.844845,202778.230359,-177.782348,202242.292979,62.213792,203698.576222,100.124064,653.350741,-19.871798,655.456183,-139.990519,659.207443,59.965365,0.003327,1,0
23.767000,-57.828410,202259.600334,-178.041808,202747.367003,62.388657,202757.858328,100.516304,660.549137,-19.919525,655.731909,-139.434510,652.946471,59.970492,0.000372,1,0
23.800000,-57.994180,203021.893451,-177.774062,203030.672688,62.104374,201451.687491,99.880407,661.089272,-19.817522,659.332127,-139.798512,658.813024,59.966789,-0.014568,1,0
23.833000,-57.830836,203905.440500,-177.991790,201604.551635,62.140864,201806.177116,99.976578,661.150897,-20.368134,662.712634,-139.718731,662.384791,59.975285,0.006943,1,0
23.867000,-57.938774,202333.087476,-177.785878,202984.662090,62.140971,201522.731663,100.007593,652.154164,-19.832106,658.604364,-139.894041,657.975631,59.961799,0.012846,1,0
23.900000,-57.967404,202725.605087,-177.949951,203730.629125,62.127116,203391.173762,100.034538,661.857277,-20.030586,663.398969,-139.840743,661.324546,59.967024,0.004621,1,0
23.933000,-58.032392,200915.949469,-177.967504,203245.842463,62.283311,201377.287880,99.834480,661.803565,-20.247683,657.678875,-139.626015,658.111686,59.962944,-0.008232,1,0
23.967000,-57.841297,201838.322212,-177.936238,200877.294281,62.190781,203416.719672,100.070376,666.192039,-19.928927,661.993121,-139.531218,664.341504,59.962132,0.000679,1,0
24.000000,-58.001460,203381.113847,-178.055602,202440.791587,62.279935,202899.076163,100.326995,660.659692,-19.966372,669.120951,-139.730192,660.318669,59.964286,-0.010002,1,0
24.033000,-57.940982,202100.628564,-177.913517,203090.737349,62.008328,204294.512841,100.030717,658.514784,-19.921545,660.471113,-139.755044,659.265864,59.962424,-0.002778,1,0
24.067000,-57.860036,203494.847575,-177.898192,205205.873116,61.921188,203325.084043,100.338881,663.989739,-19.726051,662.693281,-140.313018,658.664133,59.957950,0.003352,1,0
24.100000,-57.945242,203742.495446,-178.099944,199727.307350,62.179515,203981.321911,99.941199,661.233998,-20.356102,662.737224,-140.166378,658.111282,59.967381,0.000065,1,0
24.133000,-57.966315,202751.036516,-178.025591,202788.441781,62.079890,203935.982488,99.926676,664.063893,-20.478166,659.670316,-140.218901,661.339007,59.963674,0.015595,1,0
24.167000,-58.066841,203681.015544,-178.009488,202271.204341,61.971313,203375.971348,100.145379,664.086772,-19.977140,655.755338,-140.333349,659.004400,59.960802,-0.005935,1,0
24.200000,-57.916949,201501.007738,-177.997276,202268.215766,62.106195,202117.769919,99.793356,661.899234,-19.977261,666.114344,-139.889306,660.022969,59.965014,0.003548,1,0
24.233000,-57.931962,203160.864968,-177.983350,202947.416337,62.058571,203497.913587,100.072777,664.133458,-19.935524,661.327129,-139.784061,670.900550,59.960368,-0.001293,1,0
24.267000,-57.855140,203703.477699,-177.884429,204154.075098,62.117318,205668.412293,100.225685,664.921959,-19.805400,664.776164,-139.679624,666.985651,59.957579,-0.007671,1,0
24.300000,-57.947363,204919.999739,-177.919297,202733.079120,62.074018,203688.474446,99.794392,662.061589,-19.843857,663.541285,-139.805197,665.047754,59.963494,0.008645,1,0
24.333000,-57.949807,205037.091996,-178.135389,204175.024972,61.983148,204674.665157,99.935293,663.011394,-20.389758,668.065910,-140.217445,667.938094,59.954891,0.004616,1,0
24.367000,-58.020031,203052.502725,-177.994503,204623.898166,62.066999,203256.060591,99.873035,666.524997,-19.955999,668.447772,-139.832766,666.998116,59.961515,0.002412,1,0
24.400000,-57.816235,205855.698770,-178.066899,203397.968246,61.955548,203848.386346,100.392818,663.838483,-20.132712,661.399807,-140.073889,665.992429,59.959426,0.000048,1,0
24.433000,-57.950135,202563.365328,-177.631918,202242.453072,62.136798,202036.939358,100.003418,670.134624,-19.743523,673.986074,-139.135941,666.810373,59.959047,-0.005480,1,0
24.467000,-58.105929,201741.896305,-177.844488,202874.588121,61.932230,201718.334379,99.803102,665.461246,-19.993505,670.727275,-140.301273,668.181682,59.946738,0.011645,1,0
24.500000,-57.737757,203788.299126,-178.066359,200928.527408,62.177988,201352.341024,100.355890,668.199749,-20.128259,670.917566,-139.739225,672.514910,59.953757,0.003812,1,0
24.533000,-58.170487,201929.341462,-177.868221,203501.461519,62.051196,203313.261342,99.529745,664.195301,-20.193522,670.904501,-139.760216,673.106835,59.953693,-0.000106,1,0
24.567000,-57.811051,204107.300796,-178.058598,203400.072904,62.085175,203588.586671,100.291820,669.345723,-20.073624,679.178534,-140.298320,671.792454,59.955828,-0.012475,1,0
24.600000,-57.836653,204029.020673,-177.931782,202154.960134,61.945626,204144.867179,100.216115,671.519205,-20.222783,665.196942,-139.855978,668.128024,59.958920,0.000218,1,0
24.633000,-58.104069,202543.101299,-177.932338,202445.501819,62.059759,203912.887848,99.932881,670.618848,-19.564464,676.830879,-139.916943,673.943266,59.955046,0.008792,1,0
24.667000,-58.061660,204080.346642,-177.821687,201184.751861,61.950858,203755.404642,99.800604,668.809537,-19.880022,669.187002,-140.006995,672.698416,59.958950,-0.002173,1,0
24.700000,-58.047564,202564.466173,-178.082286,201975.839171,62.038444,203160.011227,100.020554,671.163666,-20.077398,670.092548,-139.875887,668.556991,59.959591,-0.013409,1,0
24.733000,-58.122041,204077.080099,-178.037455,202605.599224,61.944409,202837.074263,99.940387,671.066947,-19.993733,667.276703,-140.028604,674.782445,59.960752,0.003371,1,0
24.767000,-57.976422,204824.617210,-177.976335,202086.924630,61.956988,201658.908709,100.183620,671.714120,-19.979928,671.370403,-140.046208,670.895266,59.962452,0.005479,1,0
24.800000,-58.045283,204363.240220,-177.974239,203986.647289,61.752592,203717.177102,100.065629,664.417871,-20.030664,662.079829,-140.125982,668.765994,59.960239,0.014229,1,0
24.833000,-58.301645,203182.166027,-178.046609,203184.592546,61.987449,201553.581656,99.723317,668.483391,-20.214920,675.241308,-140.214526,666.656598,59.958549,0.002800,1,0
24.867000,-58.092184,203189.205295,-177.928117,200278.881636,61.907006,203597.068670,99.772152,667.491371,-19.935181,668.019660,-139.887462,673.500755,59.949554,0.004231,1,0
24.900000,-57.969859,204067.922259,-177.934025,201681.398409,61.998105,202573.852131,100.284570,665.690219,-20.363801,665.198211,-139.903473,671.335377,59.958271,-0.001398,1,0
24.933000,-58.062098,201668.323717,-177.985358,202410.974857,61.967530,204136.522592,99.915112,668.947080,-19.859998,670.728426,-140.300771,669.117584,59.962653,0.002408,1,0
24.967000,-57.998048,204179.662813,-177.965057,202160.299170,62.104582,201902.034630,99.796209,671.946454,-19.653771,665.176244,-139.952627,661.367020,59.960267,0.000371,1,0
25.000000,-57.833924,203883.152929,-177.661261,202482.111044,61.987370,202538.719767,100.085844,662.549036,-19.550900,671.098388,-139.923655,666.613825,59.956274,-0.002812,1,0
25.033000,-58.018785,203901.140570,-177.912528,203608.490349,62.059857,202769.580041,100.168852,667.943556,-20.107525,666.266180,-139.940611,661.706450,59.954323,-0.011556,1,0
25.067000,-58.010619,205046.462547,-177.850435,201277.813061,62.224402,203768.257302,100.007973,662.194197,-19.618508,665.215169,-139.962448,668.148860,59.955275,0.001112,1,0
25.100000,-58.028461,202280.326732,-178.039905,204389.938304,62.104874,204325.761028,100.054594,660.450906,-20.191453,666.038398,-139.881746,667.800028,59.951008,-0.001212,1,0
25.133000,-58.081902,204380.994764,-177.995609,202270.995910,62.094444,203947.409215,99.996893,662.242233,-19.790936,661.751158,-139.933431,656.771410,59.954323,-0.012617,1,0
25.167000,-57.795536,203989.954396,-177.993389,202635.371683,62.150951,203010.955143,100.365464,663.676188,-20.135613,668.065207,-140.041272,658.923996,59.956983,0.005243,1,0
25.200000,-57.930826,202241.184386,-177.835648,203118.420191,62.200784,203868.827815,100.269478,663.976725,-20.020804,662.226334,-139.961854,668.884088,59.953868,0.004815,1,0
25.233000,-57.965137,203098.884425,-177.869554,202797.661885,62.124227,202964.383975,99.950552,662.057659,-19.743980,660.833574,-139.993549,663.902794,59.954285,-0.010578,1,0
25.267000,-57.815381,202580.265588,-177.977589,203152.608083,62.044947,202690.577540,100.081338,669.392418,-20.000116,656.033002,-140.026248,669.735091,59.956602,-0.001761,1,0
25.300000,-57.919000,202999.639022,-177.860646,202745.273153,61.785088,201778.282977,100.021981,669.143179,-19.868026,665.882562,-140.352018,659.698188,59.959991,0.004979,1,0
25.333000,-58.137404,201491.740781,-178.034459,203104.507641,61.885917,204664.625701,100.012382,666.447135,-20.014356,671.619086,-140.399084,667.221921,59.955659,-0.003358,1,0
25.367000,-57.994276,202846.386191,-178.003186,204109.087528,61.960681,204448.148144,99.720266,666.578127,-19.983081,666.641452,-140.024447,666.680457,59.954547,-0.003002,1,0
25.400000,-58.255135,203062.470837,-178.134443,202781.617302,61.988398,202494.894777,99.868178,663.406769,-19.947331,667.720743,-140.179116,657.387778,59.959957,0.000303,1,0
25.433000,-58.103184,203417.625779,-177.796681,204029.097733,61.728073,203070.446689,99.981639,658.280134,-19.659434,666.910749,-140.433312,668.905776,59.960812,-0.002806,1,0
25.467000,-57.970531,203345.131070,-178.151492,202502.849285,61.985225,203110.843568,99.898959,661.163453,-20.001194,665.121796,-139.946859,663.612235,59.962677,-0.008904,1,0
25.500000,-57.944863,202569.150170,-178.039700,203019.682602,62.140237,203905.575678,99.991023,665.780615,-20.011761,664.200826,-140.056780,659.834913,59.966788,0.006826,1,0
25.533000,-57.972110,202644.054578,-177.766726,203854.938392,61.901777,203663.097162,100.157130,658.297011,-19.477394,658.724411,-140.081073,663.344211,59.962722,0.009448,1,0
25.567000,-58.045415,202088.966304,-177.887533,203813.247214,62.017853,203577.221490,100.032743,659.066345,-20.249054,663.429392,-140.065127,664.533641,59.964156,0.008065,1,0
25.600000,-58.073786,203541.546656,-177.967183,204538.974905,62.057807,203705.487704,100.120223,663.328015,-19.819193,663.641974,-139.782231,663.700352,59.961098,-0.007943,1,0
25.633000,-57.981256,203412.815925,-177.860896,202087.240907,61.964773,202585.503476,100.012752,666.249892,-19.816050,665.903003,-139.952641,666.800972,59.963070,-0.001144,1,0
25.667000,-58.057854,202722.392227,-177.977227,202460.906884,61.994485,202935.943380,99.887586,670.986508,-19.963677,676.365554,-140.030867,671.577513,59.963266,-0.000844,1,0
25.700000,-57.789104,202704.433910,-177.922136,203885.805979,62.178792,201895.520536,100.182986,669.484827,-19.874759,666.716927,-139.948064,669.680965,59.961524,0.007378,1,0
25.733000,-57.955313,202165.265845,-178.133946,201317.082504,62.034743,201757.563157,100.124923,667.423794,-19.884514,668.179184,-140.057243,670.263887,59.957575,-0.003174,1,0
25.767000,-57.934303,202834.203768,-178.083817,203519.904505,62.069443,203052.260408,100.457400,667.075853,-20.049110,665.370870,-139.853716,669.735279,59.959064,-0.009225,1,0
25.800000,-57.905760,202062.850478,-177.941358,202262.722296,62.018454,202572.056148,99.939378,668.649568,-19.784097,671.483528,-140.012930,666.992668,59.961879,-0.002664,1,0
25.833000,-57.917455,202797.805767,-177.915366,202957.057961,62.096030,202349.258651,100.167765,669.540804,-19.651855,668.797639,-140.054502,671.055158,59.962429,-0.004023,1,0
25.867000,-57.977087,201160.337863,-177.968693,204832.939258,62.050680,202299.774094,99.798939,670.658802,-20.134842,665.900801,-139.659435,677.684212,59.953748,-0.002123,1,0
25.900000,-57.979417,201286.972118,-177.880469,202922.322818,61.902475,204537.397926,100.071450,672.164164,-19.780697,671.767811,-140.125717,670.269873,59.961704,-0.006448,1,0
25.933000,-58.061856,201446.818152,-178.106636,202192.740861,61.970155,200542.788304,100.193365,668.629363,-20.125757,670.770968,-140.341035,675.478084,59.953348,-0.003331,1,0
25.967000,-57.970683,203588.557784,-177.970248,202481.333986,62.119586,201383.603309,100.414724,673.475542,-19.760357,679.361021,-140.094384,670.958506,59.955950,-0.010683,1,0
26.000000,-57.725522,201196.913429,-177.866312,201748.661369,62.148619,203414.555528,99.764105,673.067115,-19.859410,669.060466,-139.596179,674.642841,59.953316,0.011632,1,0
26.033000,-57.715075,203464.840174,-177.912433,202657.731015,62.011505,205558.832427,99.892396,673.235166,-19.709202,676.511868,-139.878054,680.665837,59.955113,-0.007162,1,0
26.067000,-58.043543,202220.258455,-177.831427,200747.091957,61.931853,204243.884860,99.792853,673.567217,-20.189355,672.655281,-140.005716,673.719659,59.952013,0.000675,1,0
26.100000,-57.997556,201366.088721,-177.778856,203088.627518,62.017565,204486.913097,99.966107,672.049456,-19.809334,666.841650,-140.291257,671.327226,59.959308,-0.009215,1,0
26.133000,-57.972407,201666.328852,-178.038552,203419.126147,62.189386,202524.698396,99.849012,676.319274,-19.927948,671.685134,-139.721013,678.607112,59.960645,0.001191,1,0
26.167000,-58.073658,202525.192850,-177.901039,201871.047975,62.003192,200632.915950,100.070968,674.637993,-19.906896,674.134593,-139.942814,675.892447,59.961105,-0.002198,1,0
26.200000,-58.029412,203232.955304,-177.815779,201378.917822,62.181245,202870.007161,100.024063,672.909266,-19.863610,678.087720,-139.848815,677.271722,59.952721,0.000208,1,0
26.233000,-58.046272,202189.328266,-177.745662,203548.528879,62.181487,202846.115222,100.058432,689.014796,-19.539345,677.484479,-139.817372,676.258021,59.951450,-0.000801,1,0
26.267000,-57.888780,203947.048769,-177.918124,203625.176334,62.035692,202378.868383,100.345550,676.184523,-19.893108,677.591817,-139.953844,676.512660,59.967523,0.005288,1,0
26.300000,-57.963508,203454.184731,-178.035305,201494.427040,62.119338,201365.558324,100.042453,672.643624,-20.016822,675.418966,-139.686391,677.155100,59.957864,-0.006796,1,0
26.333000,-57.699781,202548.677286,-178.047940,203198.063574,62.064406,203016.857849,100.343057,670.322911,-19.889987,676.614096,-140.128606,674.015286,59.963180,-0.010616,1,0
26.367000,-58.156066,203639.082859,-177.917999,204902.425472,62.071422,202754.985212,99.830482,674.521219,-20.002465,672.396164,-140.009620,665.729478,59.965175,0.010812,1,0
26.400000,-57.905353,204057.609423,-177.934074,202921.643579,62.011378,203330.068322,100.229176,673.319888,-19.839514,675.091666,-140.323398,672.569062,59.962769,0.003292,1,0
26.433000,-57.887928,202725.437487,-178.085121,202654.922067,62.128664,203892.002127,99.918977,678.432628,-20.205989,676.198767,-140.005021,673.234307,59.961950,-0.007617,1,0
26.467000,-57.902970,202857.023979,-177.992592,204647.333855,61.922122,203155.667145,100.142144,672.341518,-20.298906,686.046958,-139.554934,669.361714,59.958868,0.003500,1,0
26.500000,-58.016332,201801.945134,-177.948971,201867.804887,62.040546,204322.290553,99.881956,673.499666,-20.234613,677.446329,-140.136109,669.530106,59.959958,0.014115,1,0
26.533000,-57.975802,203754.650803,-178.141056,202251.322227,61.888016,203499.452517,99.999134,675.743550,-20.117475,673.929450,-140.255660,667.931057,59.957706,0.005358,1,0
26.567000,-57.866182,203657.044050,-177.832507,204641.206709,61.840844,203109.559981,100.176154,675.885068,-19.680645,675.052251,-139.869562,666.452762,59.955380,-0.006255,1,0
26.600000,-57.843081,202357.215493,-178.029168,204508.601219,61.952690,204899.841089,100.289362,671.119158,-20.312303,669.782179,-139.858179,666.065044,59.954798,-0.003226,1,0
26.633000,-58.117502,204913.230053,-177.906048,205666.099646,61.879077,204056.031483,99.949657,671.411414,-19.628909,675.310014,-139.960292,670.862855,59.960027,0.004536,1,0
26.667000,-57.970464,203871.366077,-178.116286,204514.552334,61.726255,204811.964309,100.173867,678.503902,-20.026225,674.357807,-140.445421,669.532252,59.957350,-0.013194,1,0
26.700000,-57.930917,204008.955351,-178.027464,204363.200174,61.995668,203987.619669,100.040066,666.018130,-20.107883,673.441546,-139.857657,666.610653,59.951709,0.008709,1,0
26.733000,-58.147208,202408.841288,-178.096201,201780.893002,62.030759,204564.558758,99.803426,670.084634,-20.137263,677.665030,-139.919630,671.112172,59.958217,0.002075,1,0
26.767000,-58.018956,202581.172513,-178.232710,202803.583059,61.965007,202998.584495,100.363380,674.179122,-20.225684,677.501575,-140.018881,672.949512,59.963246,-0.008359,1,0
26.800000,-58.056152,203848.148878,-178.050996,203025.347808,61.978873,202971.741943,99.616992,673.988536,-19.920409,670.955624,-140.066303,668.172627,59.958763,-0.010883,1,0
26.833000,-57.924418,202514.769366,-177.876189,204534.065762,62.092553,204078.182546,99.868491,668.482125,-19.931197,666.714438,-140.028254,661.691479,59.961133,-0.005886,1,0
26.867000,-57.794992,203641.310772,-177.915146,202302.747508,62.041990,203491.505925,100.242439,674.473286,-20.031264,667.736346,-140.218133,670.551402,59.958682,-0.011817,1,0
26.900000,-57.850150,204211.463788,-178.058522,202957.735050,61.972910,203541.263387,100.455795,670.810941,-19.856284,673.575315,-139.717809,675.602179,59.958847,0.001472,1,0
26.933000,-58.044243,204273.864469,-177.933403,203542.502828,62.125269,203667.087388,99.910981,666.029340,-20.356714,665.273594,-139.797273,670.186914,59.967347,0.001200,1,0
26.967000,-57.909197,203244.389866,-177.899166,203654.741428,62.002054,203910.269387,100.223912,670.035475,-19.829094,667.029747,-140.134774,669.329066,59.966887,0.009812,1,0
27.000000,-57.807236,203115.992901,-177.930660,202314.941568,62.071530,202515.150099,100.201798,670.976694,-19.971085,669.725813,-139.924417,663.914325,59.962396,-0.002882,1,0
27.033000,-57.756911,203840.390338,-178.146000,203925.318399,61.927223,202077.839977,100.341427,672.733694,-20.279330,666.970765,-140.248653,665.232147,59.957306,0.009719,1,0
27.067000,-58.035118,204400.669195,-178.084418,204846.178539,61.795057,203098.144955,99.998501,668.501793,-19.942799,661.766578,-140.082250,672.347037,59.969591,-0.000023,1,0
27.100000,-58.057748,203795.286249,-178.004250,204318.561489,62.050634,203826.199994,100.148294,671.448831,-19.889164,661.496510,-140.164886,671.311783,59.965646,0.003274,1,0
27.133000,-58.077626,203430.048365,-178.031790,202250.820475,61.987964,204424.703029,99.764428,668.405674,-20.172232,671.694930,-139.908438,663.144520,59.964882,-0.003668,1,0
27.167000,-58.072518,205116.663168,-178.028785,203781.537521,61.874111,202467.460897,99.706863,667.555325,-19.988475,668.468020,-140.201329,673.185485,59.965116,0.006867,1,0
27.200000,-57.789340,204422.737450,-177.938552,204112.986492,61.962504,204504.795793,100.213899,665.496953,-20.071165,662.717853,-140.095803,665.323555,59.963228,0.007721,1,0
27.233000,-57.980620,204724.996406,-178.033222,202754.506088,62.148377,204593.146617,100.152423,668.221196,-20.213412,670.404011,-140.024729,663.547984,59.961090,0.002003,1,0
27.267000,-58.003720,203300.041766,-178.108900,203926.458083,61.871474,204070.649625,100.158972,670.693015,-20.204508,667.016813,-140.406790,672.519719,59.958817,-0.001364,1,0
27.300000,-57.980924,203913.123827,-177.935964,203990.920182,62.017826,205631.642293,99.805730,664.752358,-19.805637,668.535467,-139.958199,658.382323,59.959927,-0.004743,1,0
27.333000,-57.979877,204170.824720,-178.019131,203134.721376,61.950571,203443.682002,99.800773,659.026765,-20.008401,663.724215,-140.263136,669.406095,59.957039,0.004220,1,0
27.367000,-57.924123,205212.138478,-177.975984,202946.778254,62.115695,204406.125848,99.814770,664.311271,-20.119303,663.787602,-140.010754,662.554576,59.955983,-0.005221,1,0
27.400000,-58.077620,203478.106993,-177.854636,203067.055995,61.873166,202678.684640,99.791307,659.546640,-19.749063,664.663630,-139.977660,661.442902,59.961265,-0.002340,1,0
27.433000,-57.815571,203896.336053,-177.812235,205149.015735,62.015433,205296.290123,100.004635,665.510974,-19.660723,662.086270,-139.832658,661.389277,59.964882,0.001897,1,0
27.467000,-58.079918,202268.687520,-178.007241,204710.179958,62.156857,204195.370486,99.963488,658.284377,-19.827793,659.126110,-139.900970,661.692064,59.961219,0.002387,1,0
27.500000,-58.022242,204413.862037,-178.259594,204658.134655,61.931142,204514.815483,99.742399,657.186613,-20.166518,661.807908,-140.098265,660.417972,59.952775,-0.012386,1,0
27.533000,-58.015793,206148.723954,-177.905281,204692.276212,62.115133,204297.913448,100.030883,658.492014,-19.955931,657.112218,-139.779748,664.057833,59.966379,-0.005885,1,0
27.567000,-57.866451,205036.275130,-178.058703,204813.092801,61.853581,204759.450584,100.063730,663.342867,-20.089814,660.687597,-139.716036,661.205138,59.961364,-0.003654,1,0
27.600000,-58.053315,203898.548957,-177.906192,204207.119483,61.935953,204306.476559,99.775959,656.088357,-19.956877,652.169699,-140.095603,662.479850,59.958403,0.005665,1,0
27.633000,-57.971711,203785.577402,-177.937304,204666.574415,61.935705,202646.324561,99.807981,661.235038,-19.970022,660.809416,-139.899278,661.806379,59.964605,0.003093,1,0
27.667000,-58.097313,203810.185106,-177.952698,204830.196123,62.071043,203806.085440,99.884718,660.165671,-19.556651,665.034478,-140.035627,660.554930,59.959740,-0.007870,1,0
27.700000,-58.035361,202920.744505,-177.933156,202903.595986,62.015586,205379.757089,99.681464,668.824347,-19.806226,657.081991,-139.886537,662.190907,59.956227,0.006581,1,0
27.733000,-58.090580,203468.428748,-177.804040,201531.541973,62.054916,204335.799756,100.056289,658.508998,-19.690104,660.242714,-139.952373,663.468047,59.966297,0.003201,1,0
27.767000,-57.917853,205479.803293,-177.943482,206062.234390,62.135034,204848.231823,100.206418,663.443281,-19.683929,661.690224,-139.784949,662.830625,59.954666,0.007964,1,0
27.800000,-57.789978,203311.756292,-178.009487,203803.548571,62.191630,204423.149131,100.204437,667.559678,-19.921088,658.702955,-139.935412,663.200199,59.961633,0.006654,1,0
27.833000,-57.997003,204868.115281,-177.782862,204033.885426,62.201419,204576.382237,100.116827,660.762668,-20.033624,665.647623,-139.978617,658.502314,59.958897,0.000180,1,0
27.867000,-57.773127,205531.007871,-177.957360,204633.358763,62.073223,203378.273730,100.147801,664.282169,-20.026594,660.478360,-139.753896,661.605244,59.951200,-0.003054,1,0
27.900000,-57.875719,204775.751608,-177.952264,202660.912674,62.332417,203426.264127,100.391198,659.637210,-19.927399,660.654635,-139.681298,662.628825,59.966532,-0.009650,1,0
27.933000,-57.970632,204810.021797,-177.883827,203570.717815,62.257283,202315.755914,100.201761,669.139562,-19.906108,664.954090,-139.800165,665.909164,59.961519,0.004780,1,0
27.967000,-57.865216,205314.400062,-177.980404,204738.452000,62.009428,203920.720853,100.260414,662.124319,-19.953831,662.542830,-140.027494,656.795758,59.960055,-0.003804,1,0
28.000000,-57.892096,204894.435866,-177.921674,202858.878244,62.209514,203901.760932,100.040134,668.741617,-20.059553,652.845216,-139.645329,660.936637,59.954281,-0.010242,1,0
28.033000,-57.750142,205363.003658,-177.978892,204990.101921,62.079622,204625.287916,100.420303,657.558263,-20.075350,654.562962,-139.839218,666.149292,59.955139,-0.013706,1,0
28.067000,-57.882576,204924.220860,-177.981098,204357.699523,62.021948,204649.183394,99.619041,664.666749,-19.749409,658.876793,-140.028905,658.228885,59.956681,0.013761,1,0
28.100000,-57.769189,205177.756498,-178.077144,204557.525786,62.184945,205115.903045,100.159524,660.819508,-20.102472,660.837025,-139.808501,675.704684,59.960627,-0.003355,1,0
28.133000,-57.884812,205573.167882,-178.078729,204881.752158,62.170416,204064.100285,100.238480,658.605177,-20.276648,665.780378,-139.904218,654.194057,59.960910,-0.010008,1,0
28.167000,-57.910971,203594.597597,-177.940251,203338.092627,62.140812,204797.255004,100.181348,665.113002,-19.800240,663.567374,-139.853381,656.179159,59.951799,-0.014799,1,0
28.200000,-58.002325,203462.000204,-177.859407,203009.884662,62.007073,204130.661862,99.763952,655.270563,-19.430779,653.306766,-139.716187,655.958011,59.952439,-0.003011,1,0
28.233000,-57.927726,204654.815817,-177.901376,202662.222362,61.850729,203371.288107,99.886745,658.591041,-19.879878,656.111060,-140.270564,656.648505,59.949055,-0.008046,1,0
28.267000,-57.838071,203084.193083,-177.915816,203421.477508,62.114416,204510.580122,100.110797,658.850358,-19.960258,654.687358,-139.603465,664.065256,59.951176,0.001817,1,0
28.300000,-57.900135,205242.790138,-178.061197,203957.875760,62.321085,205846.736584,100.103245,661.946078,-20.015149,654.953021,-139.554644,651.912348,59.957815,-0.001546,1,0
28.333000,-57.834451,202651.305203,-177.932760,203685.208433,62.137488,204223.832353,100.206006,652.803403,-19.999338,656.132061,-140.158570,663.607977,59.955919,-0.002284,1,0
28.367000,-57.974775,205269.496475,-177.832551,203386.780146,62.023158,203482.941445,100.071666,656.198500,-19.828350,656.159741,-139.727532,659.588407,59.953338,-0.007550,1,0
28.400000,-57.769487,203568.091880,-177.828897,203516.182514,62.129388,203821.174985,100.054086,658.631461,-19.607910,660.791484,-140.008989,652.152432,59.949661,0.007338,1,0
28.433000,-57.843094,205847.346972,-177.978129,204285.356666,61.960613,204891.780840,100.160897,659.135788,-20.032090,655.188027,-140.133398,658.700202,59.957099,0.013894,1,0
28.467000,-57.932754,202778.782019,-177.640770,204244.942383,62.046489,204752.179949,100.112714,662.723706,-19.640784,667.039425,-140.018483,656.453398,59.953578,0.001554,1,0
28.500000,-57.817254,203909.300613,-177.919213,203754.820898,62.140106,205226.242328,100.222329,667.212446,-19.744643,659.480098,-140.070320,650.067086,59.956859,-0.001514,1,0
28.533000,-57.869045,204512.970260,-177.921430,205562.444511,62.069266,203657.823845,100.170068,656.126794,-19.785641,650.776846,-139.596710,656.097563,59.961128,-0.005906,1,0
28.567000,-58.074425,203904.280318,-177.922982,203355.148059,62.202295,203978.528729,100.314760,660.618878,-19.646602,660.127302,-139.856639,658.698574,59.954392,-0.003590,1,0
28.600000,-57.896307,204797.839108,-177.880331,203892.294895,62.070337,204389.254963,99.860350,655.770465,-20.230566,664.891950,-139.943045,656.523359,59.956436,0.001668,1,0
28.633000,-57.966454,203841.959891,-177.989383,203305.209613,61.858046,203324.931772,100.116075,659.691688,-19.570367,664.492212,-140.239747,654.795979,59.947470,0.003415,1,0
28.667000,-57.969228,204585.102722,-178.117121,202428.714098,62.213027,204583.071729,99.911431,655.272081,-20.259049,662.096396,-140.019478,661.765478,59.950664,0.012945,1,0
28.700000,-58.044331,203330.334980,-177.773387,205098.706690,61.976307,203558.542526,99.846071,650.924355,-19.646257,657.957318,-139.832898,664.238218,59.952678,-0.006053,1,0
28.733000,-57.823070,203783.121055,-178.057598,204445.605533,61.918914,204410.783809,100.085673,662.331611,-19.818805,663.495145,-140.122135,662.285053,59.954707,-0.002941,1,0
28.767000,-57.973223,203511.761469,-177.916848,203448.169318,62.098703,203434.693264,100.042708,655.757297,-19.989493,659.120364,-139.858649,654.686672,59.941903,0.000008,1,0
28.800000,-57.825235,203897.047256,-177.934764,204027.951093,61.970329,205272.331055,100.081085,654.036625,-20.071844,655.608451,-139.948512,656.150243,59.957968,0.017707,1,0
28.833000,-58.009697,202922.337578,-177.974409,205421.873885,61.959151,203090.155830,99.915832,656.760122,-19.987958,657.186968,-140.403418,652.119416,59.951542,0.009346,1,0
28.867000,-57.996630,204479.486031,-177.857784,204635.226184,62.190279,203928.450880,99.928771,655.509541,-19.617834,660.100182,-139.588683,662.542066,59.955746,0.002768,1,0
28.900000,-57.949978,205569.094587,-177.968707,205202.114123,62.328822,205059.415893,100.065384,661.567293,-20.007778,653.340969,-139.610303,648.987127,59.963289,0.000299,1,0
28.933000,-57.790356,202345.315911,-177.905375,205702.473438,61.982617,204468.906884,99.754435,656.546790,-19.861330,658.645374,-140.228924,660.023866,59.949835,-0.011196,1,0
28.967000,-57.979391,204428.901453,-177.719894,205700.370830,62.071085,204847.531887,100.193130,653.604009,-19.844467,653.918207,-140.063041,660.715142,59.952404,-0.003132,1,0
29.000000,-57.991936,204560.341599,-177.939682,204816.872937,62.289198,203539.717678,100.084875,655.718405,-19.519976,649.435196,-139.536872,651.283179,59.954198,-0.002441,1,0
29.033000,-57.823409,205214.601752,-178.006150,203362.260022,62.081971,204394.164939,100.031373,653.990169,-20.090489,655.674977,-139.953285,650.397624,59.956983,-0.001628,1,0
29.067000,-57.921764,204469.674753,-177.900494,204664.728227,62.168557,204111.150971,99.916518,651.681950,-19.629098,651.686463,-139.619202,652.235540,59.960116,0.006024,1,0
29.100000,-57.942074,205205.887097,-177.888298,203250.405508,61.946797,203856.899243,100.034166,653.196170,-19.724708,650.700761,-139.981601,643.818268,59.961694,-0.015609,1,0
29.133000,-57.915523,203839.902154,-177.780426,203903.466671,61.952382,204664.521100,99.994774,649.567968,-19.961607,646.752723,-139.869365,652.183944,59.958695,-0.000185,1,0
29.167000,-57.948890,204612.630289,-177.854435,203848.564893,62.206413,204181.409409,100.201928,651.695557,-20.213008,656.388381,-139.651840,652.171152,59.961604,0.008426,1,0
29.200000,-58.002378,204692.265558,-178.128307,203407.487681,62.190572,202443.459414,100.281029,654.689709,-20.274645,646.725441,-139.460600,646.834952,59.962802,0.003771,1,0
29.233000,-57.896054,206301.031534,-178.042868,204277.204165,62.134006,205054.551192,99.873078,651.962670,-20.000306,648.064425,-139.979664,660.448879,59.961824,0.001415,1,0
29.267000,-57.970926,203898.990773,-178.105686,204786.636771,61.908139,205932.668472,99.814477,656.727943,-20.487841,653.397061,-139.997065,651.887461,59.959620,0.012799,1,0
29.300000,-57.968758,203050.533948,-177.936091,204179.072214,61.980520,204986.110441,99.858062,653.607905,-20.129145,658.308892,-139.832654,653.821820,59.951598,-0.005290,1,0
29.333000,-57.672280,203288.712570,-178.081981,203914.187987,61.972868,204587.643525,100.471904,650.065245,-20.292958,651.699909,-139.826616,657.085806,59.953877,-0.003171,1,0
29.367000,-57.940723,202670.610929,-177.946098,206543.285941,62.118843,204745.554084,100.306254,649.145140,-20.237622,646.528063,-139.835985,649.616664,59.949723,0.015552,1,0
29.400000,-57.885168,204571.194019,-178.079965,205249.848703,62.173711,202391.435888,100.568227,653.171707,-19.900719,654.105637,-139.871433,649.728458,59.948293,-0.005459,1,0
29.433000,-57.894226,204357.855793,-177.970510,202487.964981,62.056639,203320.001212,100.172846,649.645973,-19.965425,646.502497,-139.822675,650.073718,59.951917,0.002875,1,0
29.467000,-57.942521,205911.184738,-178.112584,204342.273282,62.014123,203592.755750,100.020193,654.122736,-20.161017,653.736275,-139.678003,644.414897,59.949086,-0.003956,1,0
29.500000,-57.906449,204050.804369,-177.927579,204319.196292,62.149703,204441.899634,99.989467,649.769420,-20.154134,651.389545,-139.606963,651.155569,59.952484,-0.012925,1,0
29.533000,-57.964180,204919.763451,-177.839184,206020.418538,62.004559,200560.825057,99.968176,656.491425,-19.594468,641.027261,-139.771993,651.986167,59.953205,-0.008710,1,0
29.567000,-57.989173,203406.733113,-177.979323,203998.921107,62.024644,204997.497799,100.055176,653.575955,-19.926276,647.779246,-139.974434,654.008049,59.966564,0.013684,1,0
29.600000,-58.250693,204421.372636,-177.992484,203533.428273,62.110589,204782.096794,99.692402,648.836758,-20.446261,651.492848,-139.898879,654.616912,59.955293,-0.002269,1,0
29.633000,-57.864031,205970.656042,-178.123935,204089.658351,61.745252,204783.518604,100.105942,650.990735,-20.063773,646.407863,-140.333198,659.532147,59.953905,0.001871,1,0
29.667000,-57.852995,204260.489979,-178.077975,204123.627201,62.019060,202154.982003,100.019145,651.637233,-19.854848,647.672677,-139.746279,649.939252,59.952378,0.003047,1,0
29.700000,-58.024838,204463.830647,-177.886849,202195.734742,61.945362,203781.765661,100.450158,650.491713,-19.694817,653.234990,-140.037489,656.451499,59.956988,0.000029,1,0
29.733000,-58.131931,202613.622339,-178.218743,205076.594616,61.956215,204294.799376,100.214684,663.032029,-20.395220,651.281050,-139.857512,659.991979,59.951985,0.001512,1,0
29.767000,-57.976514,205196.145235,-177.832251,204175.636642,61.916875,206569.502875,100.223352,656.364231,-19.943872,652.438000,-140.248159,651.225847,59.946796,0.005348,1,0
29.800000,-57.939097,203756.785401,-177.929021,202834.658641,61.860950,204146.266749,100.462156,651.621665,-19.898434,651.545425,-139.890141,648.633076,59.955162,-0.003923,1,0
29.833000,-58.065052,203963.460256,-178.227853,203521.344398,61.890302,204002.429471,99.618684,654.120117,-20.257235,654.645362,-140.187621,651.508110,59.959431,-0.004905,1,0
29.867000,-58.207888,204359.597088,-178.120629,205603.947808,61.972128,204160.106799,99.688026,653.508278,-19.949173,650.609418,-140.061607,642.135466,59.955157,-0.000945,1,0
29.900000,-57.987408,204162.548101,-178.155532,203155.834819,61.911721,204030.531626,100.337847,652.419316,-20.230457,648.715989,-140.226382,651.469575,59.956123,0.001372,1,0
29.933000,-57.960756,204136.627673,-177.886419,204834.922398,62.009200,202984.658511,100.270424,655.068457,-19.973549,655.326021,-140.034063,656.372606,59.957015,-0.002230,1,0
29.967000,-58.097143,205197.907873,-177.894839,203052.575861,61.843741,203199.519400,99.802209,653.178730,-19.707491,654.956148,-140.332226,655.937376,59.957325,0.007643,1,0
30.000000,-58.028720,203615.827286,-178.184227,205422.386339,61.859135,205747.377818,99.931041,655.845237,-19.817854,652.162567,-140.074264,649.635597,59.954458,-0.018384,1,0
